Compiler version,clang version 7.0.0 (trunk 333604)
Compiler flags,-Oz

Date,2018-05-30
Revision,333604

mpgcut-1.1,mpgcut.c.o,9938
jpeg-6b,ansi2knr.c.o,3341
jpeg-6b,cdjpeg.c.o,264
jpeg-6b,cjpeg.c.o,6461
jpeg-6b,ckconfig.c.o,2701
jpeg-6b,djpeg.c.o,7216
jpeg-6b,jcapimin.c.o,1232
jpeg-6b,jcapistd.c.o,687
jpeg-6b,jccoefct.c.o,2391
jpeg-6b,jccolor.c.o,1895
jpeg-6b,jcdctmgr.c.o,1862
jpeg-6b,jchuff.c.o,4359
jpeg-6b,jcinit.c.o,239
jpeg-6b,jcmainct.c.o,619
jpeg-6b,jcmarker.c.o,2881
jpeg-6b,jcmaster.c.o,3321
jpeg-6b,jcomapi.c.o,301
jpeg-6b,jcparam.c.o,3860
jpeg-6b,jcphuff.c.o,3897
jpeg-6b,jcprepct.c.o,1881
jpeg-6b,jcsample.c.o,2791
jpeg-6b,jctrans.c.o,1810
jpeg-6b,jdapimin.c.o,1640
jpeg-6b,jdapistd.c.o,1340
jpeg-6b,jdatadst.c.o,522
jpeg-6b,jdatasrc.c.o,534
jpeg-6b,jdcoefct.c.o,4560
jpeg-6b,jdcolor.c.o,1670
jpeg-6b,jddctmgr.c.o,1036
jpeg-6b,jdhuff.c.o,3418
jpeg-6b,jdinput.c.o,1682
jpeg-6b,jdmainct.c.o,2187
jpeg-6b,jdmarker.c.o,8551
jpeg-6b,jdmaster.c.o,2336
jpeg-6b,jdmerge.c.o,1891
jpeg-6b,jdphuff.c.o,3951
jpeg-6b,jdpostct.c.o,1224
jpeg-6b,jdsample.c.o,2198
jpeg-6b,jdtrans.c.o,509
jpeg-6b,jerror.c.o,6239
jpeg-6b,jfdctflt.c.o,714
jpeg-6b,jfdctfst.c.o,577
jpeg-6b,jfdctint.c.o,849
jpeg-6b,jidctflt.c.o,1195
jpeg-6b,jidctfst.c.o,1120
jpeg-6b,jidctint.c.o,1366
jpeg-6b,jidctred.c.o,1598
jpeg-6b,jmemmgr.c.o,4643
jpeg-6b,jmemnobs.c.o,236
jpeg-6b,jpegtran.c.o,4575
jpeg-6b,jquant1.c.o,3842
jpeg-6b,jquant2.c.o,5492
jpeg-6b,jutils.c.o,625
jpeg-6b,rdbmp.c.o,2918
jpeg-6b,rdcolmap.c.o,1319
jpeg-6b,rdgif.c.o,149
jpeg-6b,rdjpgcom.c.o,2713
jpeg-6b,rdppm.c.o,2541
jpeg-6b,rdrle.c.o,0
jpeg-6b,rdswitch.c.o,2717
jpeg-6b,rdtarga.c.o,2498
jpeg-6b,transupp.c.o,5765
jpeg-6b,wrbmp.c.o,2287
jpeg-6b,wrgif.c.o,1871
jpeg-6b,wrjpgcom.c.o,3513
jpeg-6b,wrppm.c.o,897
jpeg-6b,wrrle.c.o,0
jpeg-6b,wrtarga.c.o,1157
zlib-1.1.4,adler32.c.o,502
zlib-1.1.4,compress.c.o,286
zlib-1.1.4,crc32.c.o,2438
zlib-1.1.4,deflate.c.o,7434
zlib-1.1.4,example.c.o,5596
zlib-1.1.4,gzio.c.o,5204
zlib-1.1.4,infblock.c.o,4437
zlib-1.1.4,infcodes.c.o,2245
zlib-1.1.4,inffast.c.o,1394
zlib-1.1.4,inflate.c.o,2423
zlib-1.1.4,inftrees.c.o,2895
zlib-1.1.4,infutil.c.o,382
zlib-1.1.4,minigzip.c.o,1770
zlib-1.1.4,trees.c.o,9812
zlib-1.1.4,uncompr.c.o,242
zlib-1.1.4,zutil.c.o,274
replaypc-0.4.0.preproc,ReplayPC.o,6092
replaypc-0.4.0.preproc,addressbook.o,1183
replaypc-0.4.0.preproc,bigfile.o,681
replaypc-0.4.0.preproc,build-ndx.o,1000
replaypc-0.4.0.preproc,cg.o,3613
replaypc-0.4.0.preproc,channelset.o,385
replaypc-0.4.0.preproc,crypt-test.o,2398
replaypc-0.4.0.preproc,crypt.o,1496
replaypc-0.4.0.preproc,dump-addressbook.o,788
replaypc-0.4.0.preproc,dump-cg2.o,734
replaypc-0.4.0.preproc,dump-channelset.o,624
replaypc-0.4.0.preproc,dump-filedarray.o,824
replaypc-0.4.0.preproc,dump-guide.o,973
replaypc-0.4.0.preproc,dump-headend.o,597
replaypc-0.4.0.preproc,dump-programset.o,1005
replaypc-0.4.0.preproc,dump-replaychannels.o,531
replaypc-0.4.0.preproc,dump-replayshows.o,526
replaypc-0.4.0.preproc,dump-zipcode2.o,526
replaypc-0.4.0.preproc,dump.o,2649
replaypc-0.4.0.preproc,filedarray.o,434
replaypc-0.4.0.preproc,find-GOPs.o,518
replaypc-0.4.0.preproc,guide.o,10278
replaypc-0.4.0.preproc,guideclient.o,1230
replaypc-0.4.0.preproc,headend.o,1386
replaypc-0.4.0.preproc,httpclient.o,4659
replaypc-0.4.0.preproc,httpfs.o,9409
replaypc-0.4.0.preproc,httpfsclient.o,3904
replaypc-0.4.0.preproc,mark-commercial.o,2768
replaypc-0.4.0.preproc,ndx-dump.o,5679
replaypc-0.4.0.preproc,ndx.o,913
replaypc-0.4.0.preproc,program.o,2993
replaypc-0.4.0.preproc,rddns.o,948
replaypc-0.4.0.preproc,rddnsclient.o,1870
replaypc-0.4.0.preproc,rtv.o,1810
replaypc-0.4.0.preproc,rtvguide.o,2019
replaypc-0.4.0.preproc,sleep.o,90
replaypc-0.4.0.preproc,un-protect.o,1654
replaypc-0.4.0.preproc,version-test.o,279
replaypc-0.4.0.preproc,zipcode.o,611
OpenTCP-1.0.4,arp.c.o,2731
OpenTCP-1.0.4,bootp.c.o,897
OpenTCP-1.0.4,dhcpc.c.o,1747
OpenTCP-1.0.4,dns.c.o,1505
OpenTCP-1.0.4,ethernet.c.o,2419
OpenTCP-1.0.4,http_server.c.o,1901
OpenTCP-1.0.4,https_callbacks.c.o,736
OpenTCP-1.0.4,icmp.c.o,523
OpenTCP-1.0.4,ip.c.o,2794
OpenTCP-1.0.4,main_demo.c.o,330
OpenTCP-1.0.4,pop3_client.c.o,4617
OpenTCP-1.0.4,pop3c_callbacks.c.o,179
OpenTCP-1.0.4,smtp_client.c.o,2663
OpenTCP-1.0.4,smtpc_callbacks.c.o,192
OpenTCP-1.0.4,system.c.o,1384
OpenTCP-1.0.4,tcp.c.o,6986
OpenTCP-1.0.4,tcp_client_demo.c.o,452
OpenTCP-1.0.4,tcp_server_demo.c.o,451
OpenTCP-1.0.4,tftps.c.o,1075
OpenTCP-1.0.4,timers.c.o,393
OpenTCP-1.0.4,udp.c.o,1858
OpenTCP-1.0.4,udp_demo.c.o,348
bzip2-1.0.2,blocksort.c.o,8157
bzip2-1.0.2,bzip2.c.o,18635
bzip2-1.0.2,bzip2recover.c.o,3877
bzip2-1.0.2,bzlib.c.o,12636
bzip2-1.0.2,compress.c.o,8460
bzip2-1.0.2,crctable.c.o,0
bzip2-1.0.2,decompress.c.o,12465
bzip2-1.0.2,huffman.c.o,1201
bzip2-1.0.2,randtable.c.o,0
mpeg2dec-0.3.1,alloc.c.o,195
mpeg2dec-0.3.1,cpu_accel.c.o,51
mpeg2dec-0.3.1,cpu_state.c.o,49
mpeg2dec-0.3.1,decode.c.o,2926
mpeg2dec-0.3.1,extract_mpeg2.c.o,4458
mpeg2dec-0.3.1,getopt.c.o,0
mpeg2dec-0.3.1,gettimeofday.c.o,0
mpeg2dec-0.3.1,header.c.o,4937
mpeg2dec-0.3.1,idct.c.o,1710
mpeg2dec-0.3.1,idct_alpha.c.o,0
mpeg2dec-0.3.1,idct_altivec.c.o,0
mpeg2dec-0.3.1,idct_mlib.c.o,0
mpeg2dec-0.3.1,idct_mmx.c.o,0
mpeg2dec-0.3.1,motion_comp.c.o,6373
mpeg2dec-0.3.1,motion_comp_alpha.c.o,0
mpeg2dec-0.3.1,motion_comp_altivec.c.o,0
mpeg2dec-0.3.1,motion_comp_mlib.c.o,0
mpeg2dec-0.3.1,motion_comp_mmx.c.o,0
mpeg2dec-0.3.1,mpeg2dec.c.o,6055
mpeg2dec-0.3.1,slice.c.o,20343
mpeg2dec-0.3.1,video_out.c.o,112
mpeg2dec-0.3.1,video_out_dx.c.o,0
mpeg2dec-0.3.1,video_out_null.c.o,453
mpeg2dec-0.3.1,video_out_pgm.c.o,881
mpeg2dec-0.3.1,video_out_sdl.c.o,1097
mpeg2dec-0.3.1,video_out_x11.c.o,0
mpeg2dec-0.3.1,yuv2rgb.c.o,5072
mpeg2dec-0.3.1,yuv2rgb_mlib.c.o,0
mpeg2dec-0.3.1,yuv2rgb_mmx.c.o,0
jikespg-1.3,ctabs.c.o,50241
jikespg-1.3,globals.c.o,56
jikespg-1.3,lpgparse.c.o,47871
jikespg-1.3,lpgutil.c.o,6074
jikespg-1.3,main.c.o,6804
jikespg-1.3,mkfirst.c.o,15330
jikespg-1.3,mkred.c.o,7454
jikespg-1.3,mkstates.c.o,3198
jikespg-1.3,partset.c.o,1756
jikespg-1.3,prntstat.c.o,3904
jikespg-1.3,produce.c.o,11520
jikespg-1.3,ptables.c.o,3360
jikespg-1.3,remsp.c.o,7947
jikespg-1.3,resolve.c.o,14086
jikespg-1.3,spacetab.c.o,21169
jikespg-1.3,tabutil.c.o,14945
jikespg-1.3,timetab.c.o,10214
libmspack,cabc.c.o,68
libmspack,cabd.c.o,8156
libmspack,cabd_md5.c.o,1569
libmspack,cabd_test.c.o,11889
libmspack,cabextract_md5.c.o,29492
libmspack,cabrip.c.o,700
libmspack,chmc.c.o,68
libmspack,chmd.c.o,4360
libmspack,chmd_md5.c.o,1463
libmspack,hlpc.c.o,68
libmspack,hlpd.c.o,68
libmspack,kwajc.c.o,68
libmspack,kwajd.c.o,68
libmspack,litc.c.o,68
libmspack,litd.c.o,68
libmspack,lzxc.c.o,0
libmspack,lzxd.c.o,9031
libmspack,md5.c.o,3605
libmspack,mszipc.c.o,0
libmspack,mszipd.c.o,107
libmspack,qtmc.c.o,0
libmspack,qtmd.c.o,6201
libmspack,system.c.o,1202
libmspack,szddc.c.o,68
libmspack,szddd.c.o,68
compiler,cg.c.o,3742
compiler,main.c.o,3180
compiler,parser.c.o,5874
compiler,scanner.c.o,3811
compiler,vam.c.o,5441
compiler,vas.c.o,6639
teem-1.6.0-src,1op.c.o,2111
teem-1.6.0-src,2op.c.o,2664
teem-1.6.0-src,3op.c.o,2828
teem-1.6.0-src,754.c.o,2386
teem-1.6.0-src,about.c.o,3084
teem-1.6.0-src,accessors.c.o,8216
teem-1.6.0-src,aniso.c.o,4357
teem-1.6.0-src,apply1D.c.o,9827
teem-1.6.0-src,arith.c.o,7577
teem-1.6.0-src,array.c.o,1040
teem-1.6.0-src,arraysNrrd.c.o,0
teem-1.6.0-src,ax.c.o,3629
teem-1.6.0-src,axdelete.c.o,1755
teem-1.6.0-src,axinfo.c.o,1881
teem-1.6.0-src,axinsert.c.o,1499
teem-1.6.0-src,axis.c.o,3362
teem-1.6.0-src,axmerge.c.o,1762
teem-1.6.0-src,axsplit.c.o,1502
teem-1.6.0-src,bday.c.o,1341
teem-1.6.0-src,biff.c.o,3528
teem-1.6.0-src,bimod.c.o,6433
teem-1.6.0-src,block.c.o,1421
teem-1.6.0-src,bounds.c.o,4376
teem-1.6.0-src,bow.c.o,761
teem-1.6.0-src,cam.c.o,5087
teem-1.6.0-src,cc.c.o,15179
teem-1.6.0-src,ccadj.c.o,1484
teem-1.6.0-src,ccfind.c.o,2125
teem-1.6.0-src,ccmerge.c.o,3208
teem-1.6.0-src,ccmethods.c.o,1688
teem-1.6.0-src,ccsettle.c.o,1476
teem-1.6.0-src,chan.c.o,9904
teem-1.6.0-src,clip.c.o,1177
teem-1.6.0-src,cmedian.c.o,3086
teem-1.6.0-src,color.c.o,7574
teem-1.6.0-src,comment.c.o,827
teem-1.6.0-src,conv.c.o,551
teem-1.6.0-src,convert.c.o,1485
teem-1.6.0-src,convertDye.c.o,3804
teem-1.6.0-src,convertNrrd.c.o,4206
teem-1.6.0-src,convo.c.o,2550
teem-1.6.0-src,coreAlan.c.o,5406
teem-1.6.0-src,crop.c.o,1846
teem-1.6.0-src,ctx.c.o,6219
teem-1.6.0-src,cubicEll.c.o,1639
teem-1.6.0-src,data.c.o,1543
teem-1.6.0-src,defaultsBane.c.o,5
teem-1.6.0-src,defaultsGage.c.o,5
teem-1.6.0-src,defaultsHest.c.o,0
teem-1.6.0-src,defaultsHoover.c.o,7
teem-1.6.0-src,defaultsLimn.c.o,5
teem-1.6.0-src,defaultsMite.c.o,5
teem-1.6.0-src,defaultsMoss.c.o,5
teem-1.6.0-src,defaultsNrrd.c.o,726
teem-1.6.0-src,defaultsTen.c.o,16
teem-1.6.0-src,dehex.c.o,989
teem-1.6.0-src,dhisto.c.o,1678
teem-1.6.0-src,dice.c.o,2130
teem-1.6.0-src,dio.c.o,2003
teem-1.6.0-src,doubleprint.c.o,769
teem-1.6.0-src,eigen.c.o,3108
teem-1.6.0-src,encoding.c.o,819
teem-1.6.0-src,encodingAscii.c.o,1991
teem-1.6.0-src,encodingBzip2.c.o,706
teem-1.6.0-src,encodingGzip.c.o,785
teem-1.6.0-src,encodingHex.c.o,1880
teem-1.6.0-src,encodingRaw.c.o,2647
teem-1.6.0-src,endianAir.c.o,4
teem-1.6.0-src,endianNrrd.c.o,514
teem-1.6.0-src,enhex.c.o,881
teem-1.6.0-src,enum.c.o,1289
teem-1.6.0-src,enumsAlan.c.o,0
teem-1.6.0-src,enumsEcho.c.o,0
teem-1.6.0-src,enumsNrrd.c.o,0
teem-1.6.0-src,enumsTen.c.o,0
teem-1.6.0-src,env.c.o,1507
teem-1.6.0-src,epireg.c.o,17966
teem-1.6.0-src,ex0.c.o,768
teem-1.6.0-src,ex1.c.o,1597
teem-1.6.0-src,ex2.c.o,1280
teem-1.6.0-src,ex3.c.o,2022
teem-1.6.0-src,ex4.c.o,1484
teem-1.6.0-src,ex5.c.o,1196
teem-1.6.0-src,fiber.c.o,4265
teem-1.6.0-src,fiberMethods.c.o,3720
teem-1.6.0-src,filt.c.o,7478
teem-1.6.0-src,filter.c.o,3686
teem-1.6.0-src,flip.c.o,1137
teem-1.6.0-src,floatprint.c.o,763
teem-1.6.0-src,flotsam.c.o,3390
teem-1.6.0-src,format.c.o,983
teem-1.6.0-src,formatEPS.c.o,3034
teem-1.6.0-src,formatNRRD.c.o,4813
teem-1.6.0-src,formatPNG.c.o,978
teem-1.6.0-src,formatPNM.c.o,4021
teem-1.6.0-src,formatText.c.o,3764
teem-1.6.0-src,formatVTK.c.o,7350
teem-1.6.0-src,fp.c.o,1847
teem-1.6.0-src,gamma.c.o,1677
teem-1.6.0-src,genmat.c.o,4148
teem-1.6.0-src,genvol.c.o,2035
teem-1.6.0-src,gkmsFlotsam.c.o,2669
teem-1.6.0-src,gkmsHvol.c.o,3385
teem-1.6.0-src,gkmsInfo.c.o,1644
teem-1.6.0-src,gkmsMite.c.o,1493
teem-1.6.0-src,gkmsOpac.c.o,3975
teem-1.6.0-src,gkmsPvg.c.o,3251
teem-1.6.0-src,gkmsScat.c.o,2060
teem-1.6.0-src,gkmsTxf.c.o,3420
teem-1.6.0-src,glyph.c.o,6136
teem-1.6.0-src,gzio.c.o,0
teem-1.6.0-src,head.c.o,1817
teem-1.6.0-src,heq.c.o,2587
teem-1.6.0-src,hestLimn.c.o,1473
teem-1.6.0-src,hestMoss.c.o,1540
teem-1.6.0-src,hestNrrd.c.o,1672
teem-1.6.0-src,histax.c.o,1800
teem-1.6.0-src,histo.c.o,1996
teem-1.6.0-src,histogram.c.o,7956
teem-1.6.0-src,hvol.c.o,8773
teem-1.6.0-src,imap.c.o,2955
teem-1.6.0-src,inc.c.o,3440
teem-1.6.0-src,inset.c.o,1745
teem-1.6.0-src,intx.c.o,10833
teem-1.6.0-src,invert.c.o,982
teem-1.6.0-src,io.c.o,928
teem-1.6.0-src,iter.c.o,1013
teem-1.6.0-src,jhisto.c.o,3214
teem-1.6.0-src,join.c.o,1874
teem-1.6.0-src,kernel.c.o,21959
teem-1.6.0-src,keyvalue.c.o,1575
teem-1.6.0-src,kv.c.o,500
teem-1.6.0-src,light.c.o,627
teem-1.6.0-src,lightEcho.c.o,733
teem-1.6.0-src,list.c.o,1768
teem-1.6.0-src,lut.c.o,2514
teem-1.6.0-src,make.c.o,8099
teem-1.6.0-src,map.c.o,387
teem-1.6.0-src,mat.c.o,13244
teem-1.6.0-src,matter.c.o,435
teem-1.6.0-src,measr.c.o,436
teem-1.6.0-src,measure.c.o,10667
teem-1.6.0-src,methodsAlan.c.o,2862
teem-1.6.0-src,methodsBane.c.o,746
teem-1.6.0-src,methodsDye.c.o,1541
teem-1.6.0-src,methodsEcho.c.o,1005
teem-1.6.0-src,methodsHest.c.o,3761
teem-1.6.0-src,methodsHoover.c.o,1895
teem-1.6.0-src,methodsLimn.c.o,522
teem-1.6.0-src,methodsMoss.c.o,1534
teem-1.6.0-src,methodsNrrd.c.o,6648
teem-1.6.0-src,minmax.c.o,416
teem-1.6.0-src,miscAir.c.o,4802
teem-1.6.0-src,miscEll.c.o,1071
teem-1.6.0-src,miscGage.c.o,788
teem-1.6.0-src,miscTen.c.o,4736
teem-1.6.0-src,mod.c.o,4317
teem-1.6.0-src,model.c.o,1161
teem-1.6.0-src,mop.c.o,1576
teem-1.6.0-src,obj.c.o,1486
teem-1.6.0-src,objmethods.c.o,1753
teem-1.6.0-src,opac.c.o,679
teem-1.6.0-src,pad.c.o,2300
teem-1.6.0-src,parseAir.c.o,2860
teem-1.6.0-src,parseHest.c.o,16969
teem-1.6.0-src,parseNrrd.c.o,8483
teem-1.6.0-src,permute.c.o,1358
teem-1.6.0-src,pos.c.o,756
teem-1.6.0-src,print.c.o,6376
teem-1.6.0-src,project.c.o,2256
teem-1.6.0-src,pvl.c.o,2168
teem-1.6.0-src,qn.c.o,3074
teem-1.6.0-src,quadvol.c.o,1932
teem-1.6.0-src,quantize.c.o,2001
teem-1.6.0-src,quat.c.o,12336
teem-1.6.0-src,range.c.o,1004
teem-1.6.0-src,rangeBane.c.o,1090
teem-1.6.0-src,ray.c.o,3841
teem-1.6.0-src,rays.c.o,3538
teem-1.6.0-src,read.c.o,3906
teem-1.6.0-src,renderEcho.c.o,5714
teem-1.6.0-src,renderLimn.c.o,3865
teem-1.6.0-src,renderMite.c.o,1553
teem-1.6.0-src,reorder.c.o,12449
teem-1.6.0-src,resample.c.o,3931
teem-1.6.0-src,resampleNrrd.c.o,8201
teem-1.6.0-src,reshape.c.o,1321
teem-1.6.0-src,rmap.c.o,2954
teem-1.6.0-src,sampler.c.o,2949
teem-1.6.0-src,sane.c.o,3171
teem-1.6.0-src,save.c.o,3392
teem-1.6.0-src,scat.c.o,1105
teem-1.6.0-src,scl.c.o,0
teem-1.6.0-src,sclanswer.c.o,5614
teem-1.6.0-src,sclfilter.c.o,8028
teem-1.6.0-src,sclprint.c.o,1018
teem-1.6.0-src,set.c.o,990
teem-1.6.0-src,shape.c.o,3660
teem-1.6.0-src,shapes.c.o,5645
teem-1.6.0-src,shuffle.c.o,2126
teem-1.6.0-src,sigma.c.o,259
teem-1.6.0-src,simple.c.o,6350
teem-1.6.0-src,slice.c.o,1618
teem-1.6.0-src,soid.c.o,4248
teem-1.6.0-src,sort3.c.o,728
teem-1.6.0-src,splice.c.o,1772
teem-1.6.0-src,splineEval.c.o,5636
teem-1.6.0-src,splineMethods.c.o,6161
teem-1.6.0-src,splineMisc.c.o,3130
teem-1.6.0-src,sqd.c.o,6977
teem-1.6.0-src,st.c.o,4239
teem-1.6.0-src,string.c.o,1689
teem-1.6.0-src,strings.c.o,1405
teem-1.6.0-src,stub.c.o,211
teem-1.6.0-src,subset.c.o,3570
teem-1.6.0-src,superset.c.o,6248
teem-1.6.0-src,swap.c.o,1180
teem-1.6.0-src,tbc.c.o,2227
teem-1.6.0-src,tblah.c.o,1327
teem-1.6.0-src,tcam.c.o,1435
teem-1.6.0-src,tcamanim.c.o,4372
teem-1.6.0-src,tem.c.o,1412
teem-1.6.0-src,tenGage.c.o,4617
teem-1.6.0-src,tendAnhist.c.o,1540
teem-1.6.0-src,tendAnplot.c.o,2033
teem-1.6.0-src,tendAnscale.c.o,1740
teem-1.6.0-src,tendAnvol.c.o,1848
teem-1.6.0-src,tendBmat.c.o,1662
teem-1.6.0-src,tendEllipse.c.o,3259
teem-1.6.0-src,tendEpireg.c.o,5347
teem-1.6.0-src,tendEstim.c.o,4537
teem-1.6.0-src,tendEval.c.o,2332
teem-1.6.0-src,tendEvaladd.c.o,1318
teem-1.6.0-src,tendEvalclamp.c.o,1630
teem-1.6.0-src,tendEvalpow.c.o,1229
teem-1.6.0-src,tendEvec.c.o,2321
teem-1.6.0-src,tendEvecrgb.c.o,2378
teem-1.6.0-src,tendEvq.c.o,2636
teem-1.6.0-src,tendExpand.c.o,1818
teem-1.6.0-src,tendFiber.c.o,3253
teem-1.6.0-src,tendFlotsam.c.o,1652
teem-1.6.0-src,tendGlyph.c.o,8238
teem-1.6.0-src,tendMake.c.o,1293
teem-1.6.0-src,tendNorm.c.o,1641
teem-1.6.0-src,tendPoint.c.o,1930
teem-1.6.0-src,tendSatin.c.o,6211
teem-1.6.0-src,tendShrink.c.o,1271
teem-1.6.0-src,tendSim.c.o,1741
teem-1.6.0-src,tendSlice.c.o,1355
teem-1.6.0-src,tendSten.c.o,1765
teem-1.6.0-src,tensor.c.o,7214
teem-1.6.0-src,test.c.o,1286
teem-1.6.0-src,tg.c.o,2713
teem-1.6.0-src,thread.c.o,449
teem-1.6.0-src,threadAir.c.o,1546
teem-1.6.0-src,tinfo.c.o,727
teem-1.6.0-src,tkernel.c.o,2247
teem-1.6.0-src,tline.c.o,585
teem-1.6.0-src,tmfKernel.c.o,158360
teem-1.6.0-src,tmop.c.o,902
teem-1.6.0-src,tok.c.o,383
teem-1.6.0-src,tps.c.o,3283
teem-1.6.0-src,tq.c.o,5166
teem-1.6.0-src,trand.c.o,275
teem-1.6.0-src,transform.c.o,2449
teem-1.6.0-src,tread.c.o,385
teem-1.6.0-src,trend.c.o,9726
teem-1.6.0-src,trex.c.o,499
teem-1.6.0-src,trnsf.c.o,5785
teem-1.6.0-src,tspline.c.o,2515
teem-1.6.0-src,tspot.c.o,1424
teem-1.6.0-src,tt.c.o,2886
teem-1.6.0-src,txf.c.o,4601
teem-1.6.0-src,typestest.c.o,444
teem-1.6.0-src,unblock.c.o,1493
teem-1.6.0-src,unquantize.c.o,1613
teem-1.6.0-src,update.c.o,6494
teem-1.6.0-src,usage.c.o,4042
teem-1.6.0-src,user.c.o,1223
teem-1.6.0-src,valid.c.o,2935
teem-1.6.0-src,vecEll.c.o,1223
teem-1.6.0-src,vecGage.c.o,3316
teem-1.6.0-src,vecprint.c.o,114
teem-1.6.0-src,winKernel.c.o,18352
teem-1.6.0-src,write.c.o,6200
teem-1.6.0-src,xform.c.o,3974
ttt-0.10.1.preproc,connect4.o,7569
ttt-0.10.1.preproc,engine.o,3992
ttt-0.10.1.preproc,main.o,1907
ttt-0.10.1.preproc,parse.o,2646
ttt-0.10.1.preproc,ttt.o,10373
ttt-0.10.1.preproc,util.o,2501
unrarlib-0.4.0,getfile.c.o,890
unrarlib-0.4.0,listarchive.c.o,1105
unrarlib-0.4.0,unrarlib.c.o,13171
libpng-1.2.5,png.c.o,3506
libpng-1.2.5,png2pnm.c.o,3601
libpng-1.2.5,pngerror.c.o,1275
libpng-1.2.5,pngget.c.o,3775
libpng-1.2.5,pngmem.c.o,861
libpng-1.2.5,pngpread.c.o,8017
libpng-1.2.5,pngread.c.o,7968
libpng-1.2.5,pngrio.c.o,462
libpng-1.2.5,pngrtran.c.o,21069
libpng-1.2.5,pngrutil.c.o,19387
libpng-1.2.5,pngset.c.o,7749
libpng-1.2.5,pngtest.c.o,7860
libpng-1.2.5,pngtrans.c.o,2243
libpng-1.2.5,pngwio.c.o,538
libpng-1.2.5,pngwrite.c.o,7954
libpng-1.2.5,pngwtran.c.o,1869
libpng-1.2.5,pngwutil.c.o,15961
libpng-1.2.5,pnm2png.c.o,4143
flex-2.5.31,buf.c.o,1551
flex-2.5.31,ccl.c.o,1215
flex-2.5.31,dfa.c.o,7294
flex-2.5.31,ecs.c.o,616
flex-2.5.31,filter.c.o,2739
flex-2.5.31,gen.c.o,22625
flex-2.5.31,libmain.c.o,64
flex-2.5.31,libyywrap.c.o,52
flex-2.5.31,main.c.o,17956
flex-2.5.31,misc.c.o,7105
flex-2.5.31,nfa.c.o,4298
flex-2.5.31,options.c.o,1230
flex-2.5.31,parse.c.o,9410
flex-2.5.31,regex.c.o,849
flex-2.5.31,scan.c.o,44156
flex-2.5.31,scanopt.c.o,4289
flex-2.5.31,skel.c.o,79802
flex-2.5.31,sym.c.o,1296
flex-2.5.31,tables.c.o,2870
flex-2.5.31,tables_shared.c.o,73
flex-2.5.31,tblcmp.c.o,3997
flex-2.5.31,yylex.c.o,1075
cg_compiler_opensrc,atom.c.o,4539
cg_compiler_opensrc,binding.c.o,2576
cg_compiler_opensrc,cgcmain.c.o,2801
cg_compiler_opensrc,cgstruct.c.o,181
cg_compiler_opensrc,check.c.o,4126
cg_compiler_opensrc,compile.c.o,17743
cg_compiler_opensrc,constfold.c.o,4656
cg_compiler_opensrc,cpp.c.o,7983
cg_compiler_opensrc,generic_hal.c.o,2248
cg_compiler_opensrc,hal.c.o,3515
cg_compiler_opensrc,inline.c.o,3422
cg_compiler_opensrc,memory.c.o,893
cg_compiler_opensrc,parser.c.o,16059
cg_compiler_opensrc,printutils.c.o,12547
cg_compiler_opensrc,scanner.c.o,9098
cg_compiler_opensrc,semantic.c.o,5150
cg_compiler_opensrc,stdlib.c.o,10
cg_compiler_opensrc,support.c.o,30231
cg_compiler_opensrc,support_iter.c.o,3278
cg_compiler_opensrc,symbols.c.o,8868
cg_compiler_opensrc,tokenize.c.o,1025
cg_compiler_opensrc,tokens.c.o,3612
lwip-0.5.3.preproc,api_lib.o,5147
lwip-0.5.3.preproc,api_msg.o,4332
lwip-0.5.3.preproc,arp.o,2424
lwip-0.5.3.preproc,err.o,0
lwip-0.5.3.preproc,fs.o,40271
lwip-0.5.3.preproc,httpd.o,1614
lwip-0.5.3.preproc,icmp.o,1693
lwip-0.5.3.preproc,inet.o,946
lwip-0.5.3.preproc,ip.o,2968
lwip-0.5.3.preproc,ip_addr.o,0
lwip-0.5.3.preproc,loopif.o,313
lwip-0.5.3.preproc,mem.o,2133
lwip-0.5.3.preproc,memp.o,2054
lwip-0.5.3.preproc,netif.o,798
lwip-0.5.3.preproc,pbuf.o,3367
lwip-0.5.3.preproc,shell.o,12497
lwip-0.5.3.preproc,simhost.o,722
lwip-0.5.3.preproc,simnode.o,659
lwip-0.5.3.preproc,simrouter.o,844
lwip-0.5.3.preproc,sockets.o,2686
lwip-0.5.3.preproc,stats.o,78
lwip-0.5.3.preproc,sys.o,1044
lwip-0.5.3.preproc,tcp.o,6733
lwip-0.5.3.preproc,tcp_input.o,10939
lwip-0.5.3.preproc,tcp_output.o,5832
lwip-0.5.3.preproc,tcpdump.o,1993
lwip-0.5.3.preproc,tcpecho.o,332
lwip-0.5.3.preproc,tcpip.o,706
lwip-0.5.3.preproc,udp.o,2607
lwip-0.5.3.preproc,udpecho.o,394
