Compiler version,clang version 8.0.0 (trunk 343688)
Compiler flags,--target=arm-none-eabi -Os -mcpu=cortex-m4 -mthumb -isysroot /usr/lib/arm-none-eabi -iwithsysroot /include

Date,2018-10-03
Revision,343688

mpgcut-1.1,mpgcut.c.obj,14684
jpeg-6b,ansi2knr.c.obj,2632
jpeg-6b,cdjpeg.c.obj,142
jpeg-6b,cjpeg.c.obj,5323
jpeg-6b,ckconfig.c.obj,2290
jpeg-6b,djpeg.c.obj,5901
jpeg-6b,jcapimin.c.obj,718
jpeg-6b,jcapistd.c.obj,418
jpeg-6b,jccoefct.c.obj,1596
jpeg-6b,jccolor.c.obj,1360
jpeg-6b,jcdctmgr.c.obj,1352
jpeg-6b,jchuff.c.obj,3856
jpeg-6b,jcinit.c.obj,156
jpeg-6b,jcmainct.c.obj,364
jpeg-6b,jcmarker.c.obj,1942
jpeg-6b,jcmaster.c.obj,2358
jpeg-6b,jcomapi.c.obj,140
jpeg-6b,jcparam.c.obj,2820
jpeg-6b,jcphuff.c.obj,4762
jpeg-6b,jcprepct.c.obj,1260
jpeg-6b,jcsample.c.obj,2038
jpeg-6b,jctrans.c.obj,1294
jpeg-6b,jdapimin.c.obj,864
jpeg-6b,jdapistd.c.obj,790
jpeg-6b,jdatadst.c.obj,278
jpeg-6b,jdatasrc.c.obj,308
jpeg-6b,jdcoefct.c.obj,2898
jpeg-6b,jdcolor.c.obj,1168
jpeg-6b,jddctmgr.c.obj,756
jpeg-6b,jdhuff.c.obj,2212
jpeg-6b,jdinput.c.obj,1196
jpeg-6b,jdmainct.c.obj,1440
jpeg-6b,jdmarker.c.obj,5318
jpeg-6b,jdmaster.c.obj,1454
jpeg-6b,jdmerge.c.obj,1364
jpeg-6b,jdphuff.c.obj,2638
jpeg-6b,jdpostct.c.obj,746
jpeg-6b,jdsample.c.obj,1594
jpeg-6b,jdtrans.c.obj,264
jpeg-6b,jerror.c.obj,5506
jpeg-6b,jfdctflt.c.obj,468
jpeg-6b,jfdctfst.c.obj,506
jpeg-6b,jfdctint.c.obj,744
jpeg-6b,jidctflt.c.obj,896
jpeg-6b,jidctfst.c.obj,880
jpeg-6b,jidctint.c.obj,1130
jpeg-6b,jidctred.c.obj,1194
jpeg-6b,jmemmgr.c.obj,2958
jpeg-6b,jmemnobs.c.obj,108
jpeg-6b,jpegtran.c.obj,3662
jpeg-6b,jquant1.c.obj,2600
jpeg-6b,jquant2.c.obj,3498
jpeg-6b,jutils.c.obj,456
jpeg-6b,rdbmp.c.obj,1852
jpeg-6b,rdcolmap.c.obj,1260
jpeg-6b,rdgif.c.obj,99
jpeg-6b,rdjpgcom.c.obj,2355
jpeg-6b,rdppm.c.obj,1520
jpeg-6b,rdrle.c.obj,0
jpeg-6b,rdswitch.c.obj,1892
jpeg-6b,rdtarga.c.obj,1714
jpeg-6b,transupp.c.obj,4084
jpeg-6b,wrbmp.c.obj,2614
jpeg-6b,wrgif.c.obj,2782
jpeg-6b,wrjpgcom.c.obj,3489
jpeg-6b,wrppm.c.obj,578
jpeg-6b,wrrle.c.obj,0
jpeg-6b,wrtarga.c.obj,976
zlib-1.1.4,adler32.c.obj,298
zlib-1.1.4,compress.c.obj,140
zlib-1.1.4,crc32.c.obj,1286
zlib-1.1.4,deflate.c.obj,4954
zlib-1.1.4,example.c.obj,4211
zlib-1.1.4,gzio.c.obj,2931
zlib-1.1.4,infblock.c.obj,2882
zlib-1.1.4,infcodes.c.obj,1652
zlib-1.1.4,inffast.c.obj,968
zlib-1.1.4,inflate.c.obj,1561
zlib-1.1.4,inftrees.c.obj,2089
zlib-1.1.4,infutil.c.obj,220
zlib-1.1.4,minigzip.c.obj,1161
zlib-1.1.4,trees.c.obj,7736
zlib-1.1.4,uncompr.c.obj,106
zlib-1.1.4,zutil.c.obj,197
replaypc-0.4.0.preproc,ReplayPC.o,6092
replaypc-0.4.0.preproc,addressbook.o,1183
replaypc-0.4.0.preproc,bigfile.o,681
replaypc-0.4.0.preproc,build-ndx.o,1000
replaypc-0.4.0.preproc,cg.o,3613
replaypc-0.4.0.preproc,channelset.o,385
replaypc-0.4.0.preproc,crypt-test.o,2398
replaypc-0.4.0.preproc,crypt.o,1496
replaypc-0.4.0.preproc,dump-addressbook.o,788
replaypc-0.4.0.preproc,dump-cg2.o,734
replaypc-0.4.0.preproc,dump-channelset.o,624
replaypc-0.4.0.preproc,dump-filedarray.o,824
replaypc-0.4.0.preproc,dump-guide.o,973
replaypc-0.4.0.preproc,dump-headend.o,597
replaypc-0.4.0.preproc,dump-programset.o,1005
replaypc-0.4.0.preproc,dump-replaychannels.o,531
replaypc-0.4.0.preproc,dump-replayshows.o,526
replaypc-0.4.0.preproc,dump-zipcode2.o,526
replaypc-0.4.0.preproc,dump.o,2649
replaypc-0.4.0.preproc,filedarray.o,434
replaypc-0.4.0.preproc,find-GOPs.o,518
replaypc-0.4.0.preproc,guide.o,10278
replaypc-0.4.0.preproc,guideclient.o,1230
replaypc-0.4.0.preproc,headend.o,1386
replaypc-0.4.0.preproc,httpclient.o,4659
replaypc-0.4.0.preproc,httpfs.o,9409
replaypc-0.4.0.preproc,httpfsclient.o,3904
replaypc-0.4.0.preproc,mark-commercial.o,2768
replaypc-0.4.0.preproc,ndx-dump.o,5679
replaypc-0.4.0.preproc,ndx.o,913
replaypc-0.4.0.preproc,program.o,2993
replaypc-0.4.0.preproc,rddns.o,948
replaypc-0.4.0.preproc,rddnsclient.o,1870
replaypc-0.4.0.preproc,rtv.o,1810
replaypc-0.4.0.preproc,rtvguide.o,2019
replaypc-0.4.0.preproc,sleep.o,90
replaypc-0.4.0.preproc,un-protect.o,1654
replaypc-0.4.0.preproc,version-test.o,279
replaypc-0.4.0.preproc,zipcode.o,611
OpenTCP-1.0.4,arp.c.obj,1820
OpenTCP-1.0.4,bootp.c.obj,1028
OpenTCP-1.0.4,dhcpc.c.obj,2474
OpenTCP-1.0.4,dns.c.obj,1186
OpenTCP-1.0.4,ethernet.c.obj,1644
OpenTCP-1.0.4,http_server.c.obj,1326
OpenTCP-1.0.4,https_callbacks.c.obj,658
OpenTCP-1.0.4,icmp.c.obj,302
OpenTCP-1.0.4,ip.c.obj,1900
OpenTCP-1.0.4,main_demo.c.obj,226
OpenTCP-1.0.4,pop3_client.c.obj,3355
OpenTCP-1.0.4,pop3c_callbacks.c.obj,78
OpenTCP-1.0.4,smtp_client.c.obj,2104
OpenTCP-1.0.4,smtpc_callbacks.c.obj,90
OpenTCP-1.0.4,system.c.obj,1032
OpenTCP-1.0.4,tcp.c.obj,4638
OpenTCP-1.0.4,tcp_client_demo.c.obj,350
OpenTCP-1.0.4,tcp_server_demo.c.obj,326
OpenTCP-1.0.4,tftps.c.obj,720
OpenTCP-1.0.4,timers.c.obj,262
OpenTCP-1.0.4,udp.c.obj,1198
OpenTCP-1.0.4,udp_demo.c.obj,246
bzip2-1.0.2,blocksort.c.obj,5401
bzip2-1.0.2,bzip2.c.obj,16803
bzip2-1.0.2,bzip2recover.c.obj,3753
bzip2-1.0.2,bzlib.c.obj,9337
bzip2-1.0.2,compress.c.obj,12315
bzip2-1.0.2,crctable.c.obj,0
bzip2-1.0.2,decompress.c.obj,8861
bzip2-1.0.2,huffman.c.obj,1074
bzip2-1.0.2,randtable.c.obj,0
mpeg2dec-0.3.1,alloc.c.obj,110
mpeg2dec-0.3.1,cpu_accel.c.obj,12
mpeg2dec-0.3.1,cpu_state.c.obj,10
mpeg2dec-0.3.1,decode.c.obj,2244
mpeg2dec-0.3.1,extract_mpeg2.c.obj,2912
mpeg2dec-0.3.1,getopt.c.obj,2934
mpeg2dec-0.3.1,gettimeofday.c.obj,0
mpeg2dec-0.3.1,header.c.obj,3312
mpeg2dec-0.3.1,idct.c.obj,1640
mpeg2dec-0.3.1,idct_alpha.c.obj,0
mpeg2dec-0.3.1,idct_altivec.c.obj,0
mpeg2dec-0.3.1,idct_mlib.c.obj,0
mpeg2dec-0.3.1,idct_mmx.c.obj,0
mpeg2dec-0.3.1,motion_comp.c.obj,5630
mpeg2dec-0.3.1,motion_comp_alpha.c.obj,0
mpeg2dec-0.3.1,motion_comp_altivec.c.obj,0
mpeg2dec-0.3.1,motion_comp_mlib.c.obj,0
mpeg2dec-0.3.1,motion_comp_mmx.c.obj,0
mpeg2dec-0.3.1,mpeg2dec.c.obj,4116
mpeg2dec-0.3.1,slice.c.obj,14688
mpeg2dec-0.3.1,video_out.c.obj,76
mpeg2dec-0.3.1,video_out_dx.c.obj,0
mpeg2dec-0.3.1,video_out_null.c.obj,402
mpeg2dec-0.3.1,video_out_pgm.c.obj,501
mpeg2dec-0.3.1,video_out_sdl.c.obj,763
mpeg2dec-0.3.1,video_out_x11.c.obj,0
mpeg2dec-0.3.1,yuv2rgb.c.obj,4228
mpeg2dec-0.3.1,yuv2rgb_mlib.c.obj,0
mpeg2dec-0.3.1,yuv2rgb_mmx.c.obj,0
jikespg-1.3,ctabs.c.obj,47937
jikespg-1.3,globals.c.obj,48
jikespg-1.3,lpgparse.c.obj,43911
jikespg-1.3,lpgutil.c.obj,4711
jikespg-1.3,main.c.obj,6171
jikespg-1.3,mkfirst.c.obj,15114
jikespg-1.3,mkred.c.obj,6510
jikespg-1.3,mkstates.c.obj,2799
jikespg-1.3,partset.c.obj,1422
jikespg-1.3,prntstat.c.obj,3468
jikespg-1.3,produce.c.obj,11129
jikespg-1.3,ptables.c.obj,3167
jikespg-1.3,remsp.c.obj,7776
jikespg-1.3,resolve.c.obj,11272
jikespg-1.3,spacetab.c.obj,20421
jikespg-1.3,tabutil.c.obj,13034
jikespg-1.3,timetab.c.obj,9614
libmspack,cabc.c.obj,22
libmspack,cabd.c.obj,5158
libmspack,cabd_md5.c.obj,1221
libmspack,cabd_test.c.obj,11108
libmspack,cabextract_md5.c.obj,23469
libmspack,cabrip.c.obj,423
libmspack,chmc.c.obj,22
libmspack,chmd.c.obj,3324
libmspack,chmd_md5.c.obj,1056
libmspack,hlpc.c.obj,22
libmspack,hlpd.c.obj,22
libmspack,kwajc.c.obj,22
libmspack,kwajd.c.obj,22
libmspack,litc.c.obj,22
libmspack,litd.c.obj,22
libmspack,lzxc.c.obj,0
libmspack,lzxd.c.obj,5914
libmspack,md5.c.obj,2830
libmspack,mszipc.c.obj,0
libmspack,mszipd.c.obj,42
libmspack,qtmc.c.obj,0
libmspack,qtmd.c.obj,4842
libmspack,system.c.obj,578
libmspack,szddc.c.obj,22
libmspack,szddd.c.obj,22
compiler,cg.c.obj,2567
compiler,main.c.obj,2560
compiler,parser.c.obj,4380
compiler,scanner.c.obj,3937
compiler,vam.c.obj,3775
compiler,vas.c.obj,5932
teem-1.6.0-src,1op.c.obj,1663
teem-1.6.0-src,2op.c.obj,2168
teem-1.6.0-src,3op.c.obj,2280
teem-1.6.0-src,754.c.obj,1541
teem-1.6.0-src,about.c.obj,2764
teem-1.6.0-src,accessors.c.obj,7763
teem-1.6.0-src,aniso.c.obj,3516
teem-1.6.0-src,apply1D.c.obj,8103
teem-1.6.0-src,arith.c.obj,6230
teem-1.6.0-src,array.c.obj,578
teem-1.6.0-src,arraysNrrd.c.obj,0
teem-1.6.0-src,ax.c.obj,2783
teem-1.6.0-src,axdelete.c.obj,1372
teem-1.6.0-src,axinfo.c.obj,1445
teem-1.6.0-src,axinsert.c.obj,1099
teem-1.6.0-src,axis.c.obj,3208
teem-1.6.0-src,axmerge.c.obj,1353
teem-1.6.0-src,axsplit.c.obj,1136
teem-1.6.0-src,bday.c.obj,1050
teem-1.6.0-src,biff.c.obj,2515
teem-1.6.0-src,bimod.c.obj,6627
teem-1.6.0-src,block.c.obj,1110
teem-1.6.0-src,bounds.c.obj,8541
teem-1.6.0-src,bow.c.obj,670
teem-1.6.0-src,cam.c.obj,5393
teem-1.6.0-src,cc.c.obj,10651
teem-1.6.0-src,ccadj.c.obj,1155
teem-1.6.0-src,ccfind.c.obj,1715
teem-1.6.0-src,ccmerge.c.obj,2637
teem-1.6.0-src,ccmethods.c.obj,1216
teem-1.6.0-src,ccsettle.c.obj,1038
teem-1.6.0-src,chan.c.obj,9059
teem-1.6.0-src,clip.c.obj,788
teem-1.6.0-src,cmedian.c.obj,2506
teem-1.6.0-src,color.c.obj,8830
teem-1.6.0-src,comment.c.obj,449
teem-1.6.0-src,conv.c.obj,404
teem-1.6.0-src,convert.c.obj,1144
teem-1.6.0-src,convertDye.c.obj,3128
teem-1.6.0-src,convertNrrd.c.obj,4028
teem-1.6.0-src,convo.c.obj,1869
teem-1.6.0-src,coreAlan.c.obj,3947
teem-1.6.0-src,crop.c.obj,1396
teem-1.6.0-src,ctx.c.obj,4492
teem-1.6.0-src,cubicEll.c.obj,2292
teem-1.6.0-src,data.c.obj,1264
teem-1.6.0-src,defaultsBane.c.obj,5
teem-1.6.0-src,defaultsGage.c.obj,5
teem-1.6.0-src,defaultsHest.c.obj,0
teem-1.6.0-src,defaultsHoover.c.obj,7
teem-1.6.0-src,defaultsLimn.c.obj,5
teem-1.6.0-src,defaultsMite.c.obj,5
teem-1.6.0-src,defaultsMoss.c.obj,5
teem-1.6.0-src,defaultsNrrd.c.obj,675
teem-1.6.0-src,defaultsTen.c.obj,16
teem-1.6.0-src,dehex.c.obj,813
teem-1.6.0-src,dhisto.c.obj,1326
teem-1.6.0-src,dice.c.obj,1846
teem-1.6.0-src,dio.c.obj,1892
teem-1.6.0-src,doubleprint.c.obj,656
teem-1.6.0-src,eigen.c.obj,5420
teem-1.6.0-src,encoding.c.obj,674
teem-1.6.0-src,encodingAscii.c.obj,1507
teem-1.6.0-src,encodingBzip2.c.obj,570
teem-1.6.0-src,encodingGzip.c.obj,638
teem-1.6.0-src,encodingHex.c.obj,1578
teem-1.6.0-src,encodingRaw.c.obj,1968
teem-1.6.0-src,endianAir.c.obj,4
teem-1.6.0-src,endianNrrd.c.obj,345
teem-1.6.0-src,enhex.c.obj,735
teem-1.6.0-src,enum.c.obj,1008
teem-1.6.0-src,enumsAlan.c.obj,0
teem-1.6.0-src,enumsEcho.c.obj,0
teem-1.6.0-src,enumsNrrd.c.obj,0
teem-1.6.0-src,enumsTen.c.obj,0
teem-1.6.0-src,env.c.obj,1185
teem-1.6.0-src,epireg.c.obj,14368
teem-1.6.0-src,ex0.c.obj,517
teem-1.6.0-src,ex1.c.obj,1257
teem-1.6.0-src,ex2.c.obj,962
teem-1.6.0-src,ex3.c.obj,1532
teem-1.6.0-src,ex4.c.obj,1092
teem-1.6.0-src,ex5.c.obj,797
teem-1.6.0-src,fiber.c.obj,5095
teem-1.6.0-src,fiberMethods.c.obj,2807
teem-1.6.0-src,filt.c.obj,6359
teem-1.6.0-src,filter.c.obj,3272
teem-1.6.0-src,flip.c.obj,808
teem-1.6.0-src,floatprint.c.obj,646
teem-1.6.0-src,flotsam.c.obj,2592
teem-1.6.0-src,format.c.obj,716
teem-1.6.0-src,formatEPS.c.obj,2561
teem-1.6.0-src,formatNRRD.c.obj,3733
teem-1.6.0-src,formatPNG.c.obj,740
teem-1.6.0-src,formatPNM.c.obj,2983
teem-1.6.0-src,formatText.c.obj,2757
teem-1.6.0-src,formatVTK.c.obj,5765
teem-1.6.0-src,fp.c.obj,1642
teem-1.6.0-src,gamma.c.obj,1346
teem-1.6.0-src,genmat.c.obj,3482
teem-1.6.0-src,genvol.c.obj,1815
teem-1.6.0-src,gkmsFlotsam.c.obj,2110
teem-1.6.0-src,gkmsHvol.c.obj,2834
teem-1.6.0-src,gkmsInfo.c.obj,1307
teem-1.6.0-src,gkmsMite.c.obj,1170
teem-1.6.0-src,gkmsOpac.c.obj,3195
teem-1.6.0-src,gkmsPvg.c.obj,2694
teem-1.6.0-src,gkmsScat.c.obj,1524
teem-1.6.0-src,gkmsTxf.c.obj,3208
teem-1.6.0-src,glyph.c.obj,5313
teem-1.6.0-src,gzio.c.obj,0
teem-1.6.0-src,head.c.obj,1406
teem-1.6.0-src,heq.c.obj,2057
teem-1.6.0-src,hestLimn.c.obj,1042
teem-1.6.0-src,hestMoss.c.obj,1084
teem-1.6.0-src,hestNrrd.c.obj,1095
teem-1.6.0-src,histax.c.obj,1333
teem-1.6.0-src,histo.c.obj,1512
teem-1.6.0-src,histogram.c.obj,6247
teem-1.6.0-src,hvol.c.obj,6989
teem-1.6.0-src,imap.c.obj,2484
teem-1.6.0-src,inc.c.obj,3585
teem-1.6.0-src,inset.c.obj,1367
teem-1.6.0-src,intx.c.obj,15266
teem-1.6.0-src,invert.c.obj,677
teem-1.6.0-src,io.c.obj,939
teem-1.6.0-src,iter.c.obj,687
teem-1.6.0-src,jhisto.c.obj,2633
teem-1.6.0-src,join.c.obj,1462
teem-1.6.0-src,kernel.c.obj,26265
teem-1.6.0-src,keyvalue.c.obj,777
teem-1.6.0-src,kv.c.obj,377
teem-1.6.0-src,light.c.obj,448
teem-1.6.0-src,lightEcho.c.obj,849
teem-1.6.0-src,list.c.obj,1656
teem-1.6.0-src,lut.c.obj,2097
teem-1.6.0-src,make.c.obj,6439
teem-1.6.0-src,map.c.obj,344
teem-1.6.0-src,mat.c.obj,24302
teem-1.6.0-src,matter.c.obj,402
teem-1.6.0-src,measr.c.obj,322
teem-1.6.0-src,measure.c.obj,11059
teem-1.6.0-src,methodsAlan.c.obj,2267
teem-1.6.0-src,methodsBane.c.obj,611
teem-1.6.0-src,methodsDye.c.obj,1188
teem-1.6.0-src,methodsEcho.c.obj,573
teem-1.6.0-src,methodsHest.c.obj,2376
teem-1.6.0-src,methodsHoover.c.obj,1764
teem-1.6.0-src,methodsLimn.c.obj,322
teem-1.6.0-src,methodsMoss.c.obj,1064
teem-1.6.0-src,methodsNrrd.c.obj,4091
teem-1.6.0-src,minmax.c.obj,302
teem-1.6.0-src,miscAir.c.obj,4320
teem-1.6.0-src,miscEll.c.obj,1293
teem-1.6.0-src,miscGage.c.obj,651
teem-1.6.0-src,miscTen.c.obj,3612
teem-1.6.0-src,mod.c.obj,3183
teem-1.6.0-src,model.c.obj,1416
teem-1.6.0-src,mop.c.obj,1129
teem-1.6.0-src,obj.c.obj,790
teem-1.6.0-src,objmethods.c.obj,970
teem-1.6.0-src,opac.c.obj,506
teem-1.6.0-src,pad.c.obj,1768
teem-1.6.0-src,parseAir.c.obj,1416
teem-1.6.0-src,parseHest.c.obj,11873
teem-1.6.0-src,parseNrrd.c.obj,6255
teem-1.6.0-src,permute.c.obj,1007
teem-1.6.0-src,pos.c.obj,583
teem-1.6.0-src,print.c.obj,6441
teem-1.6.0-src,project.c.obj,1881
teem-1.6.0-src,pvl.c.obj,1410
teem-1.6.0-src,qn.c.obj,2761
teem-1.6.0-src,quadvol.c.obj,1813
teem-1.6.0-src,quantize.c.obj,1626
teem-1.6.0-src,quat.c.obj,16244
teem-1.6.0-src,range.c.obj,726
teem-1.6.0-src,rangeBane.c.obj,1128
teem-1.6.0-src,ray.c.obj,4608
teem-1.6.0-src,rays.c.obj,4085
teem-1.6.0-src,read.c.obj,2860
teem-1.6.0-src,renderEcho.c.obj,5291
teem-1.6.0-src,renderLimn.c.obj,3257
teem-1.6.0-src,renderMite.c.obj,1169
teem-1.6.0-src,reorder.c.obj,8746
teem-1.6.0-src,resample.c.obj,3438
teem-1.6.0-src,resampleNrrd.c.obj,6569
teem-1.6.0-src,reshape.c.obj,978
teem-1.6.0-src,rmap.c.obj,2537
teem-1.6.0-src,sampler.c.obj,2394
teem-1.6.0-src,sane.c.obj,3047
teem-1.6.0-src,save.c.obj,2810
teem-1.6.0-src,scat.c.obj,715
teem-1.6.0-src,scl.c.obj,0
teem-1.6.0-src,sclanswer.c.obj,6719
teem-1.6.0-src,sclfilter.c.obj,8033
teem-1.6.0-src,sclprint.c.obj,1047
teem-1.6.0-src,set.c.obj,1170
teem-1.6.0-src,shape.c.obj,3519
teem-1.6.0-src,shapes.c.obj,4620
teem-1.6.0-src,shuffle.c.obj,1640
teem-1.6.0-src,sigma.c.obj,177
teem-1.6.0-src,simple.c.obj,4529
teem-1.6.0-src,slice.c.obj,1255
teem-1.6.0-src,soid.c.obj,3289
teem-1.6.0-src,sort3.c.obj,732
teem-1.6.0-src,splice.c.obj,1397
teem-1.6.0-src,splineEval.c.obj,7273
teem-1.6.0-src,splineMethods.c.obj,4778
teem-1.6.0-src,splineMisc.c.obj,2369
teem-1.6.0-src,sqd.c.obj,8565
teem-1.6.0-src,st.c.obj,3019
teem-1.6.0-src,string.c.obj,1110
teem-1.6.0-src,strings.c.obj,1147
teem-1.6.0-src,stub.c.obj,116
teem-1.6.0-src,subset.c.obj,2545
teem-1.6.0-src,superset.c.obj,4493
teem-1.6.0-src,swap.c.obj,853
teem-1.6.0-src,tbc.c.obj,1788
teem-1.6.0-src,tblah.c.obj,1237
teem-1.6.0-src,tcam.c.obj,1266
teem-1.6.0-src,tcamanim.c.obj,3439
teem-1.6.0-src,tem.c.obj,1088
teem-1.6.0-src,tenGage.c.obj,2873
teem-1.6.0-src,tendAnhist.c.obj,1187
teem-1.6.0-src,tendAnplot.c.obj,1665
teem-1.6.0-src,tendAnscale.c.obj,1395
teem-1.6.0-src,tendAnvol.c.obj,1511
teem-1.6.0-src,tendBmat.c.obj,1345
teem-1.6.0-src,tendEllipse.c.obj,2737
teem-1.6.0-src,tendEpireg.c.obj,4548
teem-1.6.0-src,tendEstim.c.obj,3891
teem-1.6.0-src,tendEval.c.obj,1708
teem-1.6.0-src,tendEvaladd.c.obj,990
teem-1.6.0-src,tendEvalclamp.c.obj,1280
teem-1.6.0-src,tendEvalpow.c.obj,901
teem-1.6.0-src,tendEvec.c.obj,1726
teem-1.6.0-src,tendEvecrgb.c.obj,1939
teem-1.6.0-src,tendEvq.c.obj,2199
teem-1.6.0-src,tendExpand.c.obj,1468
teem-1.6.0-src,tendFiber.c.obj,2618
teem-1.6.0-src,tendFlotsam.c.obj,1282
teem-1.6.0-src,tendGlyph.c.obj,6726
teem-1.6.0-src,tendMake.c.obj,971
teem-1.6.0-src,tendNorm.c.obj,1319
teem-1.6.0-src,tendPoint.c.obj,1802
teem-1.6.0-src,tendSatin.c.obj,5664
teem-1.6.0-src,tendShrink.c.obj,958
teem-1.6.0-src,tendSim.c.obj,1384
teem-1.6.0-src,tendSlice.c.obj,1025
teem-1.6.0-src,tendSten.c.obj,1370
teem-1.6.0-src,tensor.c.obj,6693
teem-1.6.0-src,test.c.obj,930
teem-1.6.0-src,tg.c.obj,2747
teem-1.6.0-src,thread.c.obj,300
teem-1.6.0-src,threadAir.c.obj,1294
teem-1.6.0-src,tinfo.c.obj,555
teem-1.6.0-src,tkernel.c.obj,2083
teem-1.6.0-src,tline.c.obj,457
teem-1.6.0-src,tmfKernel.c.obj,193841
teem-1.6.0-src,tmop.c.obj,585
teem-1.6.0-src,tok.c.obj,308
teem-1.6.0-src,tps.c.obj,2448
teem-1.6.0-src,tq.c.obj,4467
teem-1.6.0-src,trand.c.obj,175
teem-1.6.0-src,transform.c.obj,2961
teem-1.6.0-src,tread.c.obj,302
teem-1.6.0-src,trend.c.obj,7821
teem-1.6.0-src,trex.c.obj,358
teem-1.6.0-src,trnsf.c.obj,4536
teem-1.6.0-src,tspline.c.obj,2093
teem-1.6.0-src,tspot.c.obj,999
teem-1.6.0-src,tt.c.obj,3122
teem-1.6.0-src,txf.c.obj,3617
teem-1.6.0-src,typestest.c.obj,442
teem-1.6.0-src,unblock.c.obj,1136
teem-1.6.0-src,unquantize.c.obj,1183
teem-1.6.0-src,update.c.obj,5064
teem-1.6.0-src,usage.c.obj,2821
teem-1.6.0-src,user.c.obj,895
teem-1.6.0-src,valid.c.obj,2532
teem-1.6.0-src,vecEll.c.obj,1848
teem-1.6.0-src,vecGage.c.obj,2709
teem-1.6.0-src,vecprint.c.obj,62
teem-1.6.0-src,winKernel.c.obj,21584
teem-1.6.0-src,write.c.obj,4245
teem-1.6.0-src,xform.c.obj,3730
ttt-0.10.1.preproc,connect4.o,7569
ttt-0.10.1.preproc,engine.o,3992
ttt-0.10.1.preproc,main.o,1907
ttt-0.10.1.preproc,parse.o,2646
ttt-0.10.1.preproc,ttt.o,10373
ttt-0.10.1.preproc,util.o,2501
unrarlib-0.4.0,getfile.c.obj,787
unrarlib-0.4.0,listarchive.c.obj,1006
unrarlib-0.4.0,unrarlib.c.obj,11706
libpng-1.2.5,png.c.obj,2549
libpng-1.2.5,png2pnm.c.obj,2553
libpng-1.2.5,pngerror.c.obj,895
libpng-1.2.5,pngget.c.obj,2480
libpng-1.2.5,pngmem.c.obj,519
libpng-1.2.5,pngpread.c.obj,6147
libpng-1.2.5,pngread.c.obj,7340
libpng-1.2.5,pngrio.c.obj,305
libpng-1.2.5,pngrtran.c.obj,16614
libpng-1.2.5,pngrutil.c.obj,14976
libpng-1.2.5,pngset.c.obj,5905
libpng-1.2.5,pngtest.c.obj,5982
libpng-1.2.5,pngtrans.c.obj,1946
libpng-1.2.5,pngwio.c.obj,355
libpng-1.2.5,pngwrite.c.obj,5723
libpng-1.2.5,pngwtran.c.obj,1478
libpng-1.2.5,pngwutil.c.obj,12147
libpng-1.2.5,pnm2png.c.obj,2845
flex-2.5.31,buf.c.obj,975
flex-2.5.31,ccl.c.obj,1138
flex-2.5.31,dfa.c.obj,6782
flex-2.5.31,ecs.c.obj,572
flex-2.5.31,filter.c.obj,2035
flex-2.5.31,gen.c.obj,24322
flex-2.5.31,libmain.c.obj,24
flex-2.5.31,libyywrap.c.obj,12
flex-2.5.31,main.c.obj,18738
flex-2.5.31,misc.c.obj,5934
flex-2.5.31,nfa.c.obj,3504
flex-2.5.31,options.c.obj,1230
flex-2.5.31,parse.c.obj,11304
flex-2.5.31,regex.c.obj,523
flex-2.5.31,scan.c.obj,43860
flex-2.5.31,scanopt.c.obj,2930
flex-2.5.31,skel.c.obj,79802
flex-2.5.31,sym.c.obj,895
flex-2.5.31,tables.c.obj,2037
flex-2.5.31,tables_shared.c.obj,36
flex-2.5.31,tblcmp.c.obj,3834
flex-2.5.31,yylex.c.obj,1020
cg_compiler_opensrc,atom.c.obj,3340
cg_compiler_opensrc,binding.c.obj,1523
cg_compiler_opensrc,cgcmain.c.obj,2149
cg_compiler_opensrc,cgstruct.c.obj,78
cg_compiler_opensrc,check.c.obj,3021
cg_compiler_opensrc,compile.c.obj,12305
cg_compiler_opensrc,constfold.c.obj,3090
cg_compiler_opensrc,cpp.c.obj,6188
cg_compiler_opensrc,generic_hal.c.obj,1621
cg_compiler_opensrc,hal.c.obj,2403
cg_compiler_opensrc,inline.c.obj,2446
cg_compiler_opensrc,memory.c.obj,454
cg_compiler_opensrc,parser.c.obj,13335
cg_compiler_opensrc,printutils.c.obj,9903
cg_compiler_opensrc,scanner.c.obj,5687
cg_compiler_opensrc,semantic.c.obj,3792
cg_compiler_opensrc,stdlib.c.obj,10
cg_compiler_opensrc,support.c.obj,21219
cg_compiler_opensrc,support_iter.c.obj,1654
cg_compiler_opensrc,symbols.c.obj,6597
cg_compiler_opensrc,tokenize.c.obj,704
cg_compiler_opensrc,tokens.c.obj,2787
lwip-0.5.3.preproc,api_lib.o,5147
lwip-0.5.3.preproc,api_msg.o,4332
lwip-0.5.3.preproc,arp.o,2424
lwip-0.5.3.preproc,err.o,0
lwip-0.5.3.preproc,fs.o,40271
lwip-0.5.3.preproc,httpd.o,1614
lwip-0.5.3.preproc,icmp.o,1693
lwip-0.5.3.preproc,inet.o,946
lwip-0.5.3.preproc,ip.o,2968
lwip-0.5.3.preproc,ip_addr.o,0
lwip-0.5.3.preproc,loopif.o,313
lwip-0.5.3.preproc,mem.o,2133
lwip-0.5.3.preproc,memp.o,2054
lwip-0.5.3.preproc,netif.o,798
lwip-0.5.3.preproc,pbuf.o,3367
lwip-0.5.3.preproc,shell.o,12497
lwip-0.5.3.preproc,simhost.o,722
lwip-0.5.3.preproc,simnode.o,659
lwip-0.5.3.preproc,simrouter.o,844
lwip-0.5.3.preproc,sockets.o,2686
lwip-0.5.3.preproc,stats.o,78
lwip-0.5.3.preproc,sys.o,1044
lwip-0.5.3.preproc,tcp.o,6733
lwip-0.5.3.preproc,tcp_input.o,10939
lwip-0.5.3.preproc,tcp_output.o,5832
lwip-0.5.3.preproc,tcpdump.o,1993
lwip-0.5.3.preproc,tcpecho.o,332
lwip-0.5.3.preproc,tcpip.o,706
lwip-0.5.3.preproc,udp.o,2607
lwip-0.5.3.preproc,udpecho.o,394
