Compiler version,clang version 8.0.0 (trunk 340275)
Compiler flags,--target=arm-none-eabi -Oz -mcpu=cortex-m0 -mthumb -isysroot /usr/lib/arm-none-eabi -iwithsysroot /include

Date,2018-08-21
Revision,340275

mpgcut-1.1,mpgcut.c.obj,7590
jpeg-6b,ansi2knr.c.obj,2360
jpeg-6b,cdjpeg.c.obj,132
jpeg-6b,cjpeg.c.obj,5149
jpeg-6b,ckconfig.c.obj,2220
jpeg-6b,djpeg.c.obj,5615
jpeg-6b,jcapimin.c.obj,750
jpeg-6b,jcapistd.c.obj,424
jpeg-6b,jccoefct.c.obj,1532
jpeg-6b,jccolor.c.obj,1438
jpeg-6b,jcdctmgr.c.obj,1204
jpeg-6b,jchuff.c.obj,3074
jpeg-6b,jcinit.c.obj,162
jpeg-6b,jcmainct.c.obj,366
jpeg-6b,jcmarker.c.obj,1826
jpeg-6b,jcmaster.c.obj,2384
jpeg-6b,jcomapi.c.obj,160
jpeg-6b,jcparam.c.obj,2744
jpeg-6b,jcphuff.c.obj,2450
jpeg-6b,jcprepct.c.obj,1178
jpeg-6b,jcsample.c.obj,1772
jpeg-6b,jctrans.c.obj,1158
jpeg-6b,jdapimin.c.obj,914
jpeg-6b,jdapistd.c.obj,848
jpeg-6b,jdatadst.c.obj,240
jpeg-6b,jdatasrc.c.obj,282
jpeg-6b,jdcoefct.c.obj,2934
jpeg-6b,jdcolor.c.obj,1100
jpeg-6b,jddctmgr.c.obj,760
jpeg-6b,jdhuff.c.obj,2296
jpeg-6b,jdinput.c.obj,1228
jpeg-6b,jdmainct.c.obj,1382
jpeg-6b,jdmarker.c.obj,5626
jpeg-6b,jdmaster.c.obj,1594
jpeg-6b,jdmerge.c.obj,1262
jpeg-6b,jdphuff.c.obj,2668
jpeg-6b,jdpostct.c.obj,788
jpeg-6b,jdsample.c.obj,1634
jpeg-6b,jdtrans.c.obj,300
jpeg-6b,jerror.c.obj,5474
jpeg-6b,jfdctflt.c.obj,924
jpeg-6b,jfdctfst.c.obj,500
jpeg-6b,jfdctint.c.obj,692
jpeg-6b,jidctflt.c.obj,1224
jpeg-6b,jidctfst.c.obj,832
jpeg-6b,jidctint.c.obj,984
jpeg-6b,jidctred.c.obj,1174
jpeg-6b,jmemmgr.c.obj,2800
jpeg-6b,jmemnobs.c.obj,138
jpeg-6b,jpegtran.c.obj,3404
jpeg-6b,jquant1.c.obj,2430
jpeg-6b,jquant2.c.obj,3456
jpeg-6b,jutils.c.obj,458
jpeg-6b,rdbmp.c.obj,1530
jpeg-6b,rdcolmap.c.obj,1132
jpeg-6b,rdgif.c.obj,97
jpeg-6b,rdjpgcom.c.obj,2195
jpeg-6b,rdppm.c.obj,1424
jpeg-6b,rdrle.c.obj,0
jpeg-6b,rdswitch.c.obj,1696
jpeg-6b,rdtarga.c.obj,1542
jpeg-6b,transupp.c.obj,4108
jpeg-6b,wrbmp.c.obj,2368
jpeg-6b,wrgif.c.obj,2600
jpeg-6b,wrjpgcom.c.obj,3145
jpeg-6b,wrppm.c.obj,546
jpeg-6b,wrrle.c.obj,0
jpeg-6b,wrtarga.c.obj,874
zlib-1.1.4,adler32.c.obj,256
zlib-1.1.4,compress.c.obj,134
zlib-1.1.4,crc32.c.obj,1256
zlib-1.1.4,deflate.c.obj,4748
zlib-1.1.4,example.c.obj,3699
zlib-1.1.4,gzio.c.obj,2853
zlib-1.1.4,infblock.c.obj,3028
zlib-1.1.4,infcodes.c.obj,1706
zlib-1.1.4,inffast.c.obj,910
zlib-1.1.4,inflate.c.obj,1525
zlib-1.1.4,inftrees.c.obj,2209
zlib-1.1.4,infutil.c.obj,230
zlib-1.1.4,minigzip.c.obj,1115
zlib-1.1.4,trees.c.obj,7856
zlib-1.1.4,uncompr.c.obj,102
zlib-1.1.4,zutil.c.obj,205
replaypc-0.4.0.preproc,ReplayPC.o,6092
replaypc-0.4.0.preproc,addressbook.o,1183
replaypc-0.4.0.preproc,bigfile.o,681
replaypc-0.4.0.preproc,build-ndx.o,1000
replaypc-0.4.0.preproc,cg.o,3613
replaypc-0.4.0.preproc,channelset.o,385
replaypc-0.4.0.preproc,crypt-test.o,2398
replaypc-0.4.0.preproc,crypt.o,1496
replaypc-0.4.0.preproc,dump-addressbook.o,788
replaypc-0.4.0.preproc,dump-cg2.o,734
replaypc-0.4.0.preproc,dump-channelset.o,624
replaypc-0.4.0.preproc,dump-filedarray.o,824
replaypc-0.4.0.preproc,dump-guide.o,973
replaypc-0.4.0.preproc,dump-headend.o,597
replaypc-0.4.0.preproc,dump-programset.o,1005
replaypc-0.4.0.preproc,dump-replaychannels.o,531
replaypc-0.4.0.preproc,dump-replayshows.o,526
replaypc-0.4.0.preproc,dump-zipcode2.o,526
replaypc-0.4.0.preproc,dump.o,2649
replaypc-0.4.0.preproc,filedarray.o,434
replaypc-0.4.0.preproc,find-GOPs.o,518
replaypc-0.4.0.preproc,guide.o,10278
replaypc-0.4.0.preproc,guideclient.o,1230
replaypc-0.4.0.preproc,headend.o,1386
replaypc-0.4.0.preproc,httpclient.o,4659
replaypc-0.4.0.preproc,httpfs.o,9409
replaypc-0.4.0.preproc,httpfsclient.o,3904
replaypc-0.4.0.preproc,mark-commercial.o,2768
replaypc-0.4.0.preproc,ndx-dump.o,5679
replaypc-0.4.0.preproc,ndx.o,913
replaypc-0.4.0.preproc,program.o,2993
replaypc-0.4.0.preproc,rddns.o,948
replaypc-0.4.0.preproc,rddnsclient.o,1870
replaypc-0.4.0.preproc,rtv.o,1810
replaypc-0.4.0.preproc,rtvguide.o,2019
replaypc-0.4.0.preproc,sleep.o,90
replaypc-0.4.0.preproc,un-protect.o,1654
replaypc-0.4.0.preproc,version-test.o,279
replaypc-0.4.0.preproc,zipcode.o,611
OpenTCP-1.0.4,arp.c.obj,1676
OpenTCP-1.0.4,bootp.c.obj,1024
OpenTCP-1.0.4,dhcpc.c.obj,1866
OpenTCP-1.0.4,dns.c.obj,1116
OpenTCP-1.0.4,ethernet.c.obj,1880
OpenTCP-1.0.4,http_server.c.obj,1134
OpenTCP-1.0.4,https_callbacks.c.obj,624
OpenTCP-1.0.4,icmp.c.obj,280
OpenTCP-1.0.4,ip.c.obj,1316
OpenTCP-1.0.4,main_demo.c.obj,232
OpenTCP-1.0.4,pop3_client.c.obj,2783
OpenTCP-1.0.4,pop3c_callbacks.c.obj,78
OpenTCP-1.0.4,smtp_client.c.obj,1608
OpenTCP-1.0.4,smtpc_callbacks.c.obj,90
OpenTCP-1.0.4,system.c.obj,1024
OpenTCP-1.0.4,tcp.c.obj,4108
OpenTCP-1.0.4,tcp_client_demo.c.obj,308
OpenTCP-1.0.4,tcp_server_demo.c.obj,288
OpenTCP-1.0.4,tftps.c.obj,732
OpenTCP-1.0.4,timers.c.obj,232
OpenTCP-1.0.4,udp.c.obj,1112
OpenTCP-1.0.4,udp_demo.c.obj,240
bzip2-1.0.2,blocksort.c.obj,5711
bzip2-1.0.2,bzip2.c.obj,14985
bzip2-1.0.2,bzip2recover.c.obj,3225
bzip2-1.0.2,bzlib.c.obj,9077
bzip2-1.0.2,compress.c.obj,6497
bzip2-1.0.2,crctable.c.obj,0
bzip2-1.0.2,decompress.c.obj,8315
bzip2-1.0.2,huffman.c.obj,974
bzip2-1.0.2,randtable.c.obj,0
mpeg2dec-0.3.1,alloc.c.obj,116
mpeg2dec-0.3.1,cpu_accel.c.obj,12
mpeg2dec-0.3.1,cpu_state.c.obj,10
mpeg2dec-0.3.1,decode.c.obj,2236
mpeg2dec-0.3.1,extract_mpeg2.c.obj,3044
mpeg2dec-0.3.1,getopt.c.obj,2484
mpeg2dec-0.3.1,gettimeofday.c.obj,0
mpeg2dec-0.3.1,header.c.obj,3832
mpeg2dec-0.3.1,idct.c.obj,1216
mpeg2dec-0.3.1,idct_alpha.c.obj,0
mpeg2dec-0.3.1,idct_altivec.c.obj,0
mpeg2dec-0.3.1,idct_mlib.c.obj,0
mpeg2dec-0.3.1,idct_mmx.c.obj,0
mpeg2dec-0.3.1,motion_comp.c.obj,3770
mpeg2dec-0.3.1,motion_comp_alpha.c.obj,0
mpeg2dec-0.3.1,motion_comp_altivec.c.obj,0
mpeg2dec-0.3.1,motion_comp_mlib.c.obj,0
mpeg2dec-0.3.1,motion_comp_mmx.c.obj,0
mpeg2dec-0.3.1,mpeg2dec.c.obj,4110
mpeg2dec-0.3.1,slice.c.obj,15222
mpeg2dec-0.3.1,video_out.c.obj,74
mpeg2dec-0.3.1,video_out_dx.c.obj,0
mpeg2dec-0.3.1,video_out_null.c.obj,296
mpeg2dec-0.3.1,video_out_pgm.c.obj,517
mpeg2dec-0.3.1,video_out_sdl.c.obj,715
mpeg2dec-0.3.1,video_out_x11.c.obj,0
mpeg2dec-0.3.1,yuv2rgb.c.obj,3744
mpeg2dec-0.3.1,yuv2rgb_mlib.c.obj,0
mpeg2dec-0.3.1,yuv2rgb_mmx.c.obj,0
jikespg-1.3,ctabs.c.obj,42265
jikespg-1.3,globals.c.obj,48
jikespg-1.3,lpgparse.c.obj,36201
jikespg-1.3,lpgutil.c.obj,3861
jikespg-1.3,main.c.obj,5451
jikespg-1.3,mkfirst.c.obj,11596
jikespg-1.3,mkred.c.obj,5320
jikespg-1.3,mkstates.c.obj,2235
jikespg-1.3,partset.c.obj,1250
jikespg-1.3,prntstat.c.obj,2696
jikespg-1.3,produce.c.obj,8503
jikespg-1.3,ptables.c.obj,2605
jikespg-1.3,remsp.c.obj,5922
jikespg-1.3,resolve.c.obj,9394
jikespg-1.3,spacetab.c.obj,15469
jikespg-1.3,tabutil.c.obj,10408
jikespg-1.3,timetab.c.obj,7422
libmspack,cabc.c.obj,22
libmspack,cabd.c.obj,4830
libmspack,cabd_md5.c.obj,1153
libmspack,cabd_test.c.obj,9270
libmspack,cabextract_md5.c.obj,21908
libmspack,cabrip.c.obj,403
libmspack,chmc.c.obj,22
libmspack,chmd.c.obj,2974
libmspack,chmd_md5.c.obj,1006
libmspack,hlpc.c.obj,22
libmspack,hlpd.c.obj,22
libmspack,kwajc.c.obj,22
libmspack,kwajd.c.obj,22
libmspack,litc.c.obj,22
libmspack,litd.c.obj,22
libmspack,lzxc.c.obj,0
libmspack,lzxd.c.obj,6136
libmspack,md5.c.obj,2796
libmspack,mszipc.c.obj,0
libmspack,mszipd.c.obj,48
libmspack,qtmc.c.obj,0
libmspack,qtmd.c.obj,4474
libmspack,system.c.obj,628
libmspack,szddc.c.obj,22
libmspack,szddd.c.obj,22
compiler,cg.c.obj,2351
compiler,main.c.obj,2094
compiler,parser.c.obj,4124
compiler,scanner.c.obj,2971
compiler,vam.c.obj,3614
compiler,vas.c.obj,5762
teem-1.6.0-src,1op.c.obj,1623
teem-1.6.0-src,2op.c.obj,2138
teem-1.6.0-src,3op.c.obj,2256
teem-1.6.0-src,754.c.obj,1543
teem-1.6.0-src,about.c.obj,2750
teem-1.6.0-src,accessors.c.obj,7417
teem-1.6.0-src,aniso.c.obj,3604
teem-1.6.0-src,apply1D.c.obj,7399
teem-1.6.0-src,arith.c.obj,5508
teem-1.6.0-src,array.c.obj,574
teem-1.6.0-src,arraysNrrd.c.obj,0
teem-1.6.0-src,ax.c.obj,3197
teem-1.6.0-src,axdelete.c.obj,1318
teem-1.6.0-src,axinfo.c.obj,1389
teem-1.6.0-src,axinsert.c.obj,1081
teem-1.6.0-src,axis.c.obj,2840
teem-1.6.0-src,axmerge.c.obj,1303
teem-1.6.0-src,axsplit.c.obj,1104
teem-1.6.0-src,bday.c.obj,1014
teem-1.6.0-src,biff.c.obj,2281
teem-1.6.0-src,bimod.c.obj,5995
teem-1.6.0-src,block.c.obj,1110
teem-1.6.0-src,bounds.c.obj,6975
teem-1.6.0-src,bow.c.obj,586
teem-1.6.0-src,cam.c.obj,5301
teem-1.6.0-src,cc.c.obj,9999
teem-1.6.0-src,ccadj.c.obj,1141
teem-1.6.0-src,ccfind.c.obj,1685
teem-1.6.0-src,ccmerge.c.obj,2611
teem-1.6.0-src,ccmethods.c.obj,1084
teem-1.6.0-src,ccsettle.c.obj,1006
teem-1.6.0-src,chan.c.obj,7975
teem-1.6.0-src,clip.c.obj,678
teem-1.6.0-src,cmedian.c.obj,2480
teem-1.6.0-src,color.c.obj,8252
teem-1.6.0-src,comment.c.obj,465
teem-1.6.0-src,conv.c.obj,388
teem-1.6.0-src,convert.c.obj,1128
teem-1.6.0-src,convertDye.c.obj,3248
teem-1.6.0-src,convertNrrd.c.obj,5064
teem-1.6.0-src,convo.c.obj,1717
teem-1.6.0-src,coreAlan.c.obj,3977
teem-1.6.0-src,crop.c.obj,1344
teem-1.6.0-src,ctx.c.obj,4314
teem-1.6.0-src,cubicEll.c.obj,2168
teem-1.6.0-src,data.c.obj,1260
teem-1.6.0-src,defaultsBane.c.obj,5
teem-1.6.0-src,defaultsGage.c.obj,5
teem-1.6.0-src,defaultsHest.c.obj,0
teem-1.6.0-src,defaultsHoover.c.obj,7
teem-1.6.0-src,defaultsLimn.c.obj,5
teem-1.6.0-src,defaultsMite.c.obj,5
teem-1.6.0-src,defaultsMoss.c.obj,5
teem-1.6.0-src,defaultsNrrd.c.obj,599
teem-1.6.0-src,defaultsTen.c.obj,16
teem-1.6.0-src,dehex.c.obj,775
teem-1.6.0-src,dhisto.c.obj,1306
teem-1.6.0-src,dice.c.obj,1786
teem-1.6.0-src,dio.c.obj,1890
teem-1.6.0-src,doubleprint.c.obj,602
teem-1.6.0-src,eigen.c.obj,4568
teem-1.6.0-src,encoding.c.obj,618
teem-1.6.0-src,encodingAscii.c.obj,1385
teem-1.6.0-src,encodingBzip2.c.obj,534
teem-1.6.0-src,encodingGzip.c.obj,602
teem-1.6.0-src,encodingHex.c.obj,1552
teem-1.6.0-src,encodingRaw.c.obj,1870
teem-1.6.0-src,endianAir.c.obj,4
teem-1.6.0-src,endianNrrd.c.obj,319
teem-1.6.0-src,enhex.c.obj,693
teem-1.6.0-src,enum.c.obj,812
teem-1.6.0-src,enumsAlan.c.obj,0
teem-1.6.0-src,enumsEcho.c.obj,0
teem-1.6.0-src,enumsNrrd.c.obj,0
teem-1.6.0-src,enumsTen.c.obj,0
teem-1.6.0-src,env.c.obj,1137
teem-1.6.0-src,epireg.c.obj,12700
teem-1.6.0-src,ex0.c.obj,513
teem-1.6.0-src,ex1.c.obj,1179
teem-1.6.0-src,ex2.c.obj,964
teem-1.6.0-src,ex3.c.obj,1470
teem-1.6.0-src,ex4.c.obj,1116
teem-1.6.0-src,ex5.c.obj,773
teem-1.6.0-src,fiber.c.obj,4479
teem-1.6.0-src,fiberMethods.c.obj,2521
teem-1.6.0-src,filt.c.obj,4979
teem-1.6.0-src,filter.c.obj,3236
teem-1.6.0-src,flip.c.obj,794
teem-1.6.0-src,floatprint.c.obj,596
teem-1.6.0-src,flotsam.c.obj,2322
teem-1.6.0-src,format.c.obj,664
teem-1.6.0-src,formatEPS.c.obj,2317
teem-1.6.0-src,formatNRRD.c.obj,3517
teem-1.6.0-src,formatPNG.c.obj,694
teem-1.6.0-src,formatPNM.c.obj,2771
teem-1.6.0-src,formatText.c.obj,2521
teem-1.6.0-src,formatVTK.c.obj,5565
teem-1.6.0-src,fp.c.obj,1589
teem-1.6.0-src,gamma.c.obj,1306
teem-1.6.0-src,genmat.c.obj,3108
teem-1.6.0-src,genvol.c.obj,1607
teem-1.6.0-src,gkmsFlotsam.c.obj,1936
teem-1.6.0-src,gkmsHvol.c.obj,2758
teem-1.6.0-src,gkmsInfo.c.obj,1273
teem-1.6.0-src,gkmsMite.c.obj,1120
teem-1.6.0-src,gkmsOpac.c.obj,3081
teem-1.6.0-src,gkmsPvg.c.obj,2550
teem-1.6.0-src,gkmsScat.c.obj,1496
teem-1.6.0-src,gkmsTxf.c.obj,3024
teem-1.6.0-src,glyph.c.obj,5205
teem-1.6.0-src,gzio.c.obj,0
teem-1.6.0-src,head.c.obj,1390
teem-1.6.0-src,heq.c.obj,2017
teem-1.6.0-src,hestLimn.c.obj,1018
teem-1.6.0-src,hestMoss.c.obj,1002
teem-1.6.0-src,hestNrrd.c.obj,1019
teem-1.6.0-src,histax.c.obj,1279
teem-1.6.0-src,histo.c.obj,1454
teem-1.6.0-src,histogram.c.obj,5815
teem-1.6.0-src,hvol.c.obj,6591
teem-1.6.0-src,imap.c.obj,2438
teem-1.6.0-src,inc.c.obj,3049
teem-1.6.0-src,inset.c.obj,1333
teem-1.6.0-src,intx.c.obj,13946
teem-1.6.0-src,invert.c.obj,649
teem-1.6.0-src,io.c.obj,797
teem-1.6.0-src,iter.c.obj,629
teem-1.6.0-src,jhisto.c.obj,2545
teem-1.6.0-src,join.c.obj,1452
teem-1.6.0-src,kernel.c.obj,22339
teem-1.6.0-src,keyvalue.c.obj,797
teem-1.6.0-src,kv.c.obj,355
teem-1.6.0-src,light.c.obj,420
teem-1.6.0-src,lightEcho.c.obj,689
teem-1.6.0-src,list.c.obj,1428
teem-1.6.0-src,lut.c.obj,2041
teem-1.6.0-src,make.c.obj,6305
teem-1.6.0-src,map.c.obj,300
teem-1.6.0-src,mat.c.obj,24112
teem-1.6.0-src,matter.c.obj,336
teem-1.6.0-src,measr.c.obj,294
teem-1.6.0-src,measure.c.obj,8595
teem-1.6.0-src,methodsAlan.c.obj,2047
teem-1.6.0-src,methodsBane.c.obj,583
teem-1.6.0-src,methodsDye.c.obj,1102
teem-1.6.0-src,methodsEcho.c.obj,549
teem-1.6.0-src,methodsHest.c.obj,2214
teem-1.6.0-src,methodsHoover.c.obj,1658
teem-1.6.0-src,methodsLimn.c.obj,300
teem-1.6.0-src,methodsMoss.c.obj,1016
teem-1.6.0-src,methodsNrrd.c.obj,3957
teem-1.6.0-src,minmax.c.obj,296
teem-1.6.0-src,miscAir.c.obj,3936
teem-1.6.0-src,miscEll.c.obj,1283
teem-1.6.0-src,miscGage.c.obj,587
teem-1.6.0-src,miscTen.c.obj,3426
teem-1.6.0-src,mod.c.obj,2971
teem-1.6.0-src,model.c.obj,1096
teem-1.6.0-src,mop.c.obj,985
teem-1.6.0-src,obj.c.obj,782
teem-1.6.0-src,objmethods.c.obj,1012
teem-1.6.0-src,opac.c.obj,478
teem-1.6.0-src,pad.c.obj,1700
teem-1.6.0-src,parseAir.c.obj,1328
teem-1.6.0-src,parseHest.c.obj,11363
teem-1.6.0-src,parseNrrd.c.obj,5531
teem-1.6.0-src,permute.c.obj,985
teem-1.6.0-src,pos.c.obj,549
teem-1.6.0-src,print.c.obj,5689
teem-1.6.0-src,project.c.obj,1853
teem-1.6.0-src,pvl.c.obj,1372
teem-1.6.0-src,qn.c.obj,2853
teem-1.6.0-src,quadvol.c.obj,1589
teem-1.6.0-src,quantize.c.obj,1582
teem-1.6.0-src,quat.c.obj,15470
teem-1.6.0-src,range.c.obj,608
teem-1.6.0-src,rangeBane.c.obj,964
teem-1.6.0-src,ray.c.obj,4188
teem-1.6.0-src,rays.c.obj,3671
teem-1.6.0-src,read.c.obj,2596
teem-1.6.0-src,renderEcho.c.obj,4855
teem-1.6.0-src,renderLimn.c.obj,3089
teem-1.6.0-src,renderMite.c.obj,1097
teem-1.6.0-src,reorder.c.obj,8244
teem-1.6.0-src,resample.c.obj,3298
teem-1.6.0-src,resampleNrrd.c.obj,6113
teem-1.6.0-src,reshape.c.obj,962
teem-1.6.0-src,rmap.c.obj,2481
teem-1.6.0-src,sampler.c.obj,2162
teem-1.6.0-src,sane.c.obj,3023
teem-1.6.0-src,save.c.obj,2788
teem-1.6.0-src,scat.c.obj,681
teem-1.6.0-src,scl.c.obj,0
teem-1.6.0-src,sclanswer.c.obj,6553
teem-1.6.0-src,sclfilter.c.obj,9861
teem-1.6.0-src,sclprint.c.obj,981
teem-1.6.0-src,set.c.obj,1262
teem-1.6.0-src,shape.c.obj,3201
teem-1.6.0-src,shapes.c.obj,3680
teem-1.6.0-src,shuffle.c.obj,1604
teem-1.6.0-src,sigma.c.obj,153
teem-1.6.0-src,simple.c.obj,4397
teem-1.6.0-src,slice.c.obj,1217
teem-1.6.0-src,soid.c.obj,3225
teem-1.6.0-src,sort3.c.obj,678
teem-1.6.0-src,splice.c.obj,1357
teem-1.6.0-src,splineEval.c.obj,5909
teem-1.6.0-src,splineMethods.c.obj,4428
teem-1.6.0-src,splineMisc.c.obj,2257
teem-1.6.0-src,sqd.c.obj,7597
teem-1.6.0-src,st.c.obj,2911
teem-1.6.0-src,string.c.obj,1044
teem-1.6.0-src,strings.c.obj,1183
teem-1.6.0-src,stub.c.obj,100
teem-1.6.0-src,subset.c.obj,2447
teem-1.6.0-src,superset.c.obj,4235
teem-1.6.0-src,swap.c.obj,833
teem-1.6.0-src,tbc.c.obj,1660
teem-1.6.0-src,tblah.c.obj,1025
teem-1.6.0-src,tcam.c.obj,1336
teem-1.6.0-src,tcamanim.c.obj,3291
teem-1.6.0-src,tem.c.obj,1068
teem-1.6.0-src,tenGage.c.obj,3385
teem-1.6.0-src,tendAnhist.c.obj,1151
teem-1.6.0-src,tendAnplot.c.obj,1625
teem-1.6.0-src,tendAnscale.c.obj,1367
teem-1.6.0-src,tendAnvol.c.obj,1469
teem-1.6.0-src,tendBmat.c.obj,1313
teem-1.6.0-src,tendEllipse.c.obj,2361
teem-1.6.0-src,tendEpireg.c.obj,4488
teem-1.6.0-src,tendEstim.c.obj,3813
teem-1.6.0-src,tendEval.c.obj,1612
teem-1.6.0-src,tendEvaladd.c.obj,956
teem-1.6.0-src,tendEvalclamp.c.obj,1252
teem-1.6.0-src,tendEvalpow.c.obj,867
teem-1.6.0-src,tendEvec.c.obj,1642
teem-1.6.0-src,tendEvecrgb.c.obj,1899
teem-1.6.0-src,tendEvq.c.obj,2165
teem-1.6.0-src,tendExpand.c.obj,1432
teem-1.6.0-src,tendFiber.c.obj,2512
teem-1.6.0-src,tendFlotsam.c.obj,1202
teem-1.6.0-src,tendGlyph.c.obj,6556
teem-1.6.0-src,tendMake.c.obj,953
teem-1.6.0-src,tendNorm.c.obj,1273
teem-1.6.0-src,tendPoint.c.obj,1652
teem-1.6.0-src,tendSatin.c.obj,5224
teem-1.6.0-src,tendShrink.c.obj,920
teem-1.6.0-src,tendSim.c.obj,1332
teem-1.6.0-src,tendSlice.c.obj,997
teem-1.6.0-src,tendSten.c.obj,1326
teem-1.6.0-src,tensor.c.obj,6299
teem-1.6.0-src,test.c.obj,882
teem-1.6.0-src,tg.c.obj,2487
teem-1.6.0-src,thread.c.obj,274
teem-1.6.0-src,threadAir.c.obj,1034
teem-1.6.0-src,tinfo.c.obj,517
teem-1.6.0-src,tkernel.c.obj,1839
teem-1.6.0-src,tline.c.obj,413
teem-1.6.0-src,tmfKernel.c.obj,151277
teem-1.6.0-src,tmop.c.obj,607
teem-1.6.0-src,tok.c.obj,266
teem-1.6.0-src,tps.c.obj,2396
teem-1.6.0-src,tq.c.obj,6087
teem-1.6.0-src,trand.c.obj,161
teem-1.6.0-src,transform.c.obj,3157
teem-1.6.0-src,tread.c.obj,284
teem-1.6.0-src,trend.c.obj,6753
teem-1.6.0-src,trex.c.obj,342
teem-1.6.0-src,trnsf.c.obj,4254
teem-1.6.0-src,tspline.c.obj,1992
teem-1.6.0-src,tspot.c.obj,879
teem-1.6.0-src,tt.c.obj,2698
teem-1.6.0-src,txf.c.obj,3183
teem-1.6.0-src,typestest.c.obj,392
teem-1.6.0-src,unblock.c.obj,1110
teem-1.6.0-src,unquantize.c.obj,1135
teem-1.6.0-src,update.c.obj,4562
teem-1.6.0-src,usage.c.obj,2699
teem-1.6.0-src,user.c.obj,847
teem-1.6.0-src,valid.c.obj,2334
teem-1.6.0-src,vecEll.c.obj,1558
teem-1.6.0-src,vecGage.c.obj,2753
teem-1.6.0-src,vecprint.c.obj,68
teem-1.6.0-src,winKernel.c.obj,18916
teem-1.6.0-src,write.c.obj,3963
teem-1.6.0-src,xform.c.obj,3090
ttt-0.10.1.preproc,connect4.o,7569
ttt-0.10.1.preproc,engine.o,3992
ttt-0.10.1.preproc,main.o,1907
ttt-0.10.1.preproc,parse.o,2646
ttt-0.10.1.preproc,ttt.o,10373
ttt-0.10.1.preproc,util.o,2501
unrarlib-0.4.0,getfile.c.obj,766
unrarlib-0.4.0,listarchive.c.obj,950
unrarlib-0.4.0,unrarlib.c.obj,9598
libpng-1.2.5,png.c.obj,2627
libpng-1.2.5,png2pnm.c.obj,2381
libpng-1.2.5,pngerror.c.obj,825
libpng-1.2.5,pngget.c.obj,2576
libpng-1.2.5,pngmem.c.obj,559
libpng-1.2.5,pngpread.c.obj,6483
libpng-1.2.5,pngread.c.obj,7416
libpng-1.2.5,pngrio.c.obj,309
libpng-1.2.5,pngrtran.c.obj,15856
libpng-1.2.5,pngrutil.c.obj,14512
libpng-1.2.5,pngset.c.obj,5705
libpng-1.2.5,pngtest.c.obj,5394
libpng-1.2.5,pngtrans.c.obj,1924
libpng-1.2.5,pngwio.c.obj,365
libpng-1.2.5,pngwrite.c.obj,5705
libpng-1.2.5,pngwtran.c.obj,1332
libpng-1.2.5,pngwutil.c.obj,11453
libpng-1.2.5,pnm2png.c.obj,2569
flex-2.5.31,buf.c.obj,829
flex-2.5.31,ccl.c.obj,976
flex-2.5.31,dfa.c.obj,5690
flex-2.5.31,ecs.c.obj,470
flex-2.5.31,filter.c.obj,1849
flex-2.5.31,gen.c.obj,20538
flex-2.5.31,libmain.c.obj,24
flex-2.5.31,libyywrap.c.obj,12
flex-2.5.31,main.c.obj,16678
flex-2.5.31,misc.c.obj,5038
flex-2.5.31,nfa.c.obj,3084
flex-2.5.31,options.c.obj,1230
flex-2.5.31,parse.c.obj,7682
flex-2.5.31,regex.c.obj,487
flex-2.5.31,scan.c.obj,37196
flex-2.5.31,scanopt.c.obj,2852
flex-2.5.31,skel.c.obj,79802
flex-2.5.31,sym.c.obj,823
flex-2.5.31,tables.c.obj,1923
flex-2.5.31,tables_shared.c.obj,36
flex-2.5.31,tblcmp.c.obj,2896
flex-2.5.31,yylex.c.obj,836
cg_compiler_opensrc,atom.c.obj,3064
cg_compiler_opensrc,binding.c.obj,1287
cg_compiler_opensrc,cgcmain.c.obj,2150
cg_compiler_opensrc,cgstruct.c.obj,96
cg_compiler_opensrc,check.c.obj,2811
cg_compiler_opensrc,compile.c.obj,10859
cg_compiler_opensrc,constfold.c.obj,2976
cg_compiler_opensrc,cpp.c.obj,5442
cg_compiler_opensrc,generic_hal.c.obj,1503
cg_compiler_opensrc,hal.c.obj,2267
cg_compiler_opensrc,inline.c.obj,2328
cg_compiler_opensrc,memory.c.obj,464
cg_compiler_opensrc,parser.c.obj,13479
cg_compiler_opensrc,printutils.c.obj,8503
cg_compiler_opensrc,scanner.c.obj,5315
cg_compiler_opensrc,semantic.c.obj,3586
cg_compiler_opensrc,stdlib.c.obj,10
cg_compiler_opensrc,support.c.obj,19935
cg_compiler_opensrc,support_iter.c.obj,1796
cg_compiler_opensrc,symbols.c.obj,5733
cg_compiler_opensrc,tokenize.c.obj,660
cg_compiler_opensrc,tokens.c.obj,2538
lwip-0.5.3.preproc,api_lib.o,5147
lwip-0.5.3.preproc,api_msg.o,4332
lwip-0.5.3.preproc,arp.o,2424
lwip-0.5.3.preproc,err.o,0
lwip-0.5.3.preproc,fs.o,40271
lwip-0.5.3.preproc,httpd.o,1614
lwip-0.5.3.preproc,icmp.o,1693
lwip-0.5.3.preproc,inet.o,946
lwip-0.5.3.preproc,ip.o,2968
lwip-0.5.3.preproc,ip_addr.o,0
lwip-0.5.3.preproc,loopif.o,313
lwip-0.5.3.preproc,mem.o,2133
lwip-0.5.3.preproc,memp.o,2054
lwip-0.5.3.preproc,netif.o,798
lwip-0.5.3.preproc,pbuf.o,3367
lwip-0.5.3.preproc,shell.o,12497
lwip-0.5.3.preproc,simhost.o,722
lwip-0.5.3.preproc,simnode.o,659
lwip-0.5.3.preproc,simrouter.o,844
lwip-0.5.3.preproc,sockets.o,2686
lwip-0.5.3.preproc,stats.o,78
lwip-0.5.3.preproc,sys.o,1044
lwip-0.5.3.preproc,tcp.o,6733
lwip-0.5.3.preproc,tcp_input.o,10939
lwip-0.5.3.preproc,tcp_output.o,5832
lwip-0.5.3.preproc,tcpdump.o,1993
lwip-0.5.3.preproc,tcpecho.o,332
lwip-0.5.3.preproc,tcpip.o,706
lwip-0.5.3.preproc,udp.o,2607
lwip-0.5.3.preproc,udpecho.o,394
