Compiler version,clang version 9.0.0 (trunk 363570)
Compiler flags,--target=arm-none-eabi -Oz -mcpu=cortex-m0 -mthumb -isysroot /usr/lib/arm-none-eabi -iwithsysroot /include

Date,2019-06-17
Revision,363570

mpgcut-1.1,mpgcut.c.obj,7384
jpeg-6b,ansi2knr.c.obj,2308
jpeg-6b,cdjpeg.c.obj,128
jpeg-6b,cjpeg.c.obj,5181
jpeg-6b,ckconfig.c.obj,2196
jpeg-6b,djpeg.c.obj,5675
jpeg-6b,jcapimin.c.obj,714
jpeg-6b,jcapistd.c.obj,410
jpeg-6b,jccoefct.c.obj,1438
jpeg-6b,jccolor.c.obj,1426
jpeg-6b,jcdctmgr.c.obj,1212
jpeg-6b,jchuff.c.obj,2834
jpeg-6b,jcinit.c.obj,158
jpeg-6b,jcmainct.c.obj,348
jpeg-6b,jcmarker.c.obj,1750
jpeg-6b,jcmaster.c.obj,2164
jpeg-6b,jcomapi.c.obj,160
jpeg-6b,jcparam.c.obj,2582
jpeg-6b,jcphuff.c.obj,2298
jpeg-6b,jcprepct.c.obj,1096
jpeg-6b,jcsample.c.obj,1706
jpeg-6b,jctrans.c.obj,1146
jpeg-6b,jdapimin.c.obj,890
jpeg-6b,jdapistd.c.obj,818
jpeg-6b,jdatadst.c.obj,234
jpeg-6b,jdatasrc.c.obj,282
jpeg-6b,jdcoefct.c.obj,2716
jpeg-6b,jdcolor.c.obj,1084
jpeg-6b,jddctmgr.c.obj,760
jpeg-6b,jdhuff.c.obj,2196
jpeg-6b,jdinput.c.obj,1132
jpeg-6b,jdmainct.c.obj,1298
jpeg-6b,jdmarker.c.obj,5200
jpeg-6b,jdmaster.c.obj,1528
jpeg-6b,jdmerge.c.obj,1172
jpeg-6b,jdphuff.c.obj,2652
jpeg-6b,jdpostct.c.obj,758
jpeg-6b,jdsample.c.obj,1500
jpeg-6b,jdtrans.c.obj,280
jpeg-6b,jerror.c.obj,5466
jpeg-6b,jfdctflt.c.obj,884
jpeg-6b,jfdctfst.c.obj,504
jpeg-6b,jfdctint.c.obj,684
jpeg-6b,jidctflt.c.obj,1224
jpeg-6b,jidctfst.c.obj,848
jpeg-6b,jidctint.c.obj,1004
jpeg-6b,jidctred.c.obj,1170
jpeg-6b,jmemmgr.c.obj,2684
jpeg-6b,jmemnobs.c.obj,138
jpeg-6b,jpegtran.c.obj,3440
jpeg-6b,jquant1.c.obj,2412
jpeg-6b,jquant2.c.obj,3384
jpeg-6b,jutils.c.obj,458
jpeg-6b,rdbmp.c.obj,1554
jpeg-6b,rdcolmap.c.obj,1120
jpeg-6b,rdgif.c.obj,97
jpeg-6b,rdjpgcom.c.obj,2191
jpeg-6b,rdppm.c.obj,1428
jpeg-6b,rdrle.c.obj,0
jpeg-6b,rdswitch.c.obj,1704
jpeg-6b,rdtarga.c.obj,1580
jpeg-6b,transupp.c.obj,3950
jpeg-6b,wrbmp.c.obj,2340
jpeg-6b,wrgif.c.obj,2584
jpeg-6b,wrjpgcom.c.obj,3109
jpeg-6b,wrppm.c.obj,538
jpeg-6b,wrrle.c.obj,0
jpeg-6b,wrtarga.c.obj,862
zlib-1.1.4,adler32.c.obj,240
zlib-1.1.4,compress.c.obj,136
zlib-1.1.4,crc32.c.obj,1220
zlib-1.1.4,deflate.c.obj,4572
zlib-1.1.4,example.c.obj,3687
zlib-1.1.4,gzio.c.obj,2861
zlib-1.1.4,infblock.c.obj,2982
zlib-1.1.4,infcodes.c.obj,1758
zlib-1.1.4,inffast.c.obj,942
zlib-1.1.4,inflate.c.obj,1553
zlib-1.1.4,inftrees.c.obj,2129
zlib-1.1.4,infutil.c.obj,234
zlib-1.1.4,minigzip.c.obj,1115
zlib-1.1.4,trees.c.obj,7372
zlib-1.1.4,uncompr.c.obj,106
zlib-1.1.4,zutil.c.obj,205
replaypc-0.4.0.preproc,ReplayPC.o,6092
replaypc-0.4.0.preproc,addressbook.o,1183
replaypc-0.4.0.preproc,bigfile.o,681
replaypc-0.4.0.preproc,build-ndx.o,1000
replaypc-0.4.0.preproc,cg.o,3613
replaypc-0.4.0.preproc,channelset.o,385
replaypc-0.4.0.preproc,crypt-test.o,2398
replaypc-0.4.0.preproc,crypt.o,1496
replaypc-0.4.0.preproc,dump-addressbook.o,788
replaypc-0.4.0.preproc,dump-cg2.o,734
replaypc-0.4.0.preproc,dump-channelset.o,624
replaypc-0.4.0.preproc,dump-filedarray.o,824
replaypc-0.4.0.preproc,dump-guide.o,973
replaypc-0.4.0.preproc,dump-headend.o,597
replaypc-0.4.0.preproc,dump-programset.o,1005
replaypc-0.4.0.preproc,dump-replaychannels.o,531
replaypc-0.4.0.preproc,dump-replayshows.o,526
replaypc-0.4.0.preproc,dump-zipcode2.o,526
replaypc-0.4.0.preproc,dump.o,2649
replaypc-0.4.0.preproc,filedarray.o,434
replaypc-0.4.0.preproc,find-GOPs.o,518
replaypc-0.4.0.preproc,guide.o,10278
replaypc-0.4.0.preproc,guideclient.o,1230
replaypc-0.4.0.preproc,headend.o,1386
replaypc-0.4.0.preproc,httpclient.o,4659
replaypc-0.4.0.preproc,httpfs.o,9409
replaypc-0.4.0.preproc,httpfsclient.o,3904
replaypc-0.4.0.preproc,mark-commercial.o,2768
replaypc-0.4.0.preproc,ndx-dump.o,5679
replaypc-0.4.0.preproc,ndx.o,913
replaypc-0.4.0.preproc,program.o,2993
replaypc-0.4.0.preproc,rddns.o,948
replaypc-0.4.0.preproc,rddnsclient.o,1870
replaypc-0.4.0.preproc,rtv.o,1810
replaypc-0.4.0.preproc,rtvguide.o,2019
replaypc-0.4.0.preproc,sleep.o,90
replaypc-0.4.0.preproc,un-protect.o,1654
replaypc-0.4.0.preproc,version-test.o,279
replaypc-0.4.0.preproc,zipcode.o,611
OpenTCP-1.0.4,arp.c.obj,1664
OpenTCP-1.0.4,bootp.c.obj,980
OpenTCP-1.0.4,dhcpc.c.obj,1870
OpenTCP-1.0.4,dns.c.obj,1080
OpenTCP-1.0.4,ethernet.c.obj,1592
OpenTCP-1.0.4,http_server.c.obj,1122
OpenTCP-1.0.4,https_callbacks.c.obj,624
OpenTCP-1.0.4,icmp.c.obj,276
OpenTCP-1.0.4,ip.c.obj,1288
OpenTCP-1.0.4,main_demo.c.obj,220
OpenTCP-1.0.4,pop3_client.c.obj,2727
OpenTCP-1.0.4,pop3c_callbacks.c.obj,78
OpenTCP-1.0.4,smtp_client.c.obj,1624
OpenTCP-1.0.4,smtpc_callbacks.c.obj,90
OpenTCP-1.0.4,system.c.obj,1004
OpenTCP-1.0.4,tcp.c.obj,4160
OpenTCP-1.0.4,tcp_client_demo.c.obj,308
OpenTCP-1.0.4,tcp_server_demo.c.obj,284
OpenTCP-1.0.4,tftps.c.obj,740
OpenTCP-1.0.4,timers.c.obj,232
OpenTCP-1.0.4,udp.c.obj,1084
OpenTCP-1.0.4,udp_demo.c.obj,240
bzip2-1.0.2,blocksort.c.obj,5591
bzip2-1.0.2,bzip2.c.obj,15053
bzip2-1.0.2,bzip2recover.c.obj,3137
bzip2-1.0.2,bzlib.c.obj,8917
bzip2-1.0.2,compress.c.obj,6389
bzip2-1.0.2,crctable.c.obj,0
bzip2-1.0.2,decompress.c.obj,7051
bzip2-1.0.2,huffman.c.obj,962
bzip2-1.0.2,randtable.c.obj,0
mpeg2dec-0.3.1,alloc.c.obj,116
mpeg2dec-0.3.1,cpu_accel.c.obj,12
mpeg2dec-0.3.1,cpu_state.c.obj,10
mpeg2dec-0.3.1,decode.c.obj,1868
mpeg2dec-0.3.1,extract_mpeg2.c.obj,3112
mpeg2dec-0.3.1,getopt.c.obj,2436
mpeg2dec-0.3.1,gettimeofday.c.obj,0
mpeg2dec-0.3.1,header.c.obj,3316
mpeg2dec-0.3.1,idct.c.obj,1208
mpeg2dec-0.3.1,idct_alpha.c.obj,0
mpeg2dec-0.3.1,idct_altivec.c.obj,0
mpeg2dec-0.3.1,idct_mlib.c.obj,0
mpeg2dec-0.3.1,idct_mmx.c.obj,0
mpeg2dec-0.3.1,motion_comp.c.obj,3770
mpeg2dec-0.3.1,motion_comp_alpha.c.obj,0
mpeg2dec-0.3.1,motion_comp_altivec.c.obj,0
mpeg2dec-0.3.1,motion_comp_mlib.c.obj,0
mpeg2dec-0.3.1,motion_comp_mmx.c.obj,0
mpeg2dec-0.3.1,mpeg2dec.c.obj,4098
mpeg2dec-0.3.1,slice.c.obj,13850
mpeg2dec-0.3.1,video_out.c.obj,74
mpeg2dec-0.3.1,video_out_dx.c.obj,0
mpeg2dec-0.3.1,video_out_null.c.obj,296
mpeg2dec-0.3.1,video_out_pgm.c.obj,513
mpeg2dec-0.3.1,video_out_sdl.c.obj,719
mpeg2dec-0.3.1,video_out_x11.c.obj,0
mpeg2dec-0.3.1,yuv2rgb.c.obj,3704
mpeg2dec-0.3.1,yuv2rgb_mlib.c.obj,0
mpeg2dec-0.3.1,yuv2rgb_mmx.c.obj,0
jikespg-1.3,ctabs.c.obj,42041
jikespg-1.3,globals.c.obj,48
jikespg-1.3,lpgparse.c.obj,36129
jikespg-1.3,lpgutil.c.obj,3673
jikespg-1.3,main.c.obj,5507
jikespg-1.3,mkfirst.c.obj,11288
jikespg-1.3,mkred.c.obj,5264
jikespg-1.3,mkstates.c.obj,2211
jikespg-1.3,partset.c.obj,1292
jikespg-1.3,prntstat.c.obj,2632
jikespg-1.3,produce.c.obj,8403
jikespg-1.3,ptables.c.obj,2565
jikespg-1.3,remsp.c.obj,5862
jikespg-1.3,resolve.c.obj,9242
jikespg-1.3,spacetab.c.obj,15297
jikespg-1.3,tabutil.c.obj,10168
jikespg-1.3,timetab.c.obj,7270
libmspack,cabc.c.obj,22
libmspack,cabd.c.obj,4800
libmspack,cabd_md5.c.obj,1149
libmspack,cabd_test.c.obj,9266
libmspack,cabextract_md5.c.obj,20181
libmspack,cabrip.c.obj,391
libmspack,chmc.c.obj,22
libmspack,chmd.c.obj,2934
libmspack,chmd_md5.c.obj,1000
libmspack,hlpc.c.obj,22
libmspack,hlpd.c.obj,22
libmspack,kwajc.c.obj,22
libmspack,kwajd.c.obj,22
libmspack,litc.c.obj,22
libmspack,litd.c.obj,22
libmspack,lzxc.c.obj,0
libmspack,lzxd.c.obj,5840
libmspack,md5.c.obj,2764
libmspack,mszipc.c.obj,0
libmspack,mszipd.c.obj,48
libmspack,qtmc.c.obj,0
libmspack,qtmd.c.obj,4322
libmspack,system.c.obj,616
libmspack,szddc.c.obj,22
libmspack,szddd.c.obj,22
compiler,cg.c.obj,2315
compiler,main.c.obj,2086
compiler,parser.c.obj,4168
compiler,scanner.c.obj,2947
compiler,vam.c.obj,3467
compiler,vas.c.obj,5766
teem-1.6.0-src,1op.c.obj,1619
teem-1.6.0-src,2op.c.obj,2138
teem-1.6.0-src,3op.c.obj,2240
teem-1.6.0-src,754.c.obj,1487
teem-1.6.0-src,about.c.obj,2754
teem-1.6.0-src,accessors.c.obj,7373
teem-1.6.0-src,aniso.c.obj,3548
teem-1.6.0-src,apply1D.c.obj,7379
teem-1.6.0-src,arith.c.obj,5596
teem-1.6.0-src,array.c.obj,562
teem-1.6.0-src,arraysNrrd.c.obj,0
teem-1.6.0-src,ax.c.obj,3053
teem-1.6.0-src,axdelete.c.obj,1374
teem-1.6.0-src,axinfo.c.obj,1341
teem-1.6.0-src,axinsert.c.obj,1057
teem-1.6.0-src,axis.c.obj,2704
teem-1.6.0-src,axmerge.c.obj,1311
teem-1.6.0-src,axsplit.c.obj,1096
teem-1.6.0-src,bday.c.obj,1002
teem-1.6.0-src,biff.c.obj,2241
teem-1.6.0-src,bimod.c.obj,5879
teem-1.6.0-src,block.c.obj,1094
teem-1.6.0-src,bounds.c.obj,6855
teem-1.6.0-src,bow.c.obj,582
teem-1.6.0-src,cam.c.obj,4997
teem-1.6.0-src,cc.c.obj,9771
teem-1.6.0-src,ccadj.c.obj,1125
teem-1.6.0-src,ccfind.c.obj,1677
teem-1.6.0-src,ccmerge.c.obj,2591
teem-1.6.0-src,ccmethods.c.obj,1076
teem-1.6.0-src,ccsettle.c.obj,994
teem-1.6.0-src,chan.c.obj,7919
teem-1.6.0-src,clip.c.obj,678
teem-1.6.0-src,cmedian.c.obj,2460
teem-1.6.0-src,color.c.obj,7832
teem-1.6.0-src,comment.c.obj,447
teem-1.6.0-src,conv.c.obj,384
teem-1.6.0-src,convert.c.obj,1112
teem-1.6.0-src,convertDye.c.obj,3244
teem-1.6.0-src,convertNrrd.c.obj,4988
teem-1.6.0-src,convo.c.obj,1721
teem-1.6.0-src,coreAlan.c.obj,3881
teem-1.6.0-src,crop.c.obj,1360
teem-1.6.0-src,ctx.c.obj,4094
teem-1.6.0-src,cubicEll.c.obj,2160
teem-1.6.0-src,data.c.obj,1264
teem-1.6.0-src,defaultsBane.c.obj,5
teem-1.6.0-src,defaultsGage.c.obj,5
teem-1.6.0-src,defaultsHest.c.obj,0
teem-1.6.0-src,defaultsHoover.c.obj,7
teem-1.6.0-src,defaultsLimn.c.obj,5
teem-1.6.0-src,defaultsMite.c.obj,5
teem-1.6.0-src,defaultsMoss.c.obj,5
teem-1.6.0-src,defaultsNrrd.c.obj,603
teem-1.6.0-src,defaultsTen.c.obj,16
teem-1.6.0-src,dehex.c.obj,767
teem-1.6.0-src,dhisto.c.obj,1306
teem-1.6.0-src,dice.c.obj,1726
teem-1.6.0-src,dio.c.obj,1890
teem-1.6.0-src,doubleprint.c.obj,590
teem-1.6.0-src,eigen.c.obj,4488
teem-1.6.0-src,encoding.c.obj,618
teem-1.6.0-src,encodingAscii.c.obj,1381
teem-1.6.0-src,encodingBzip2.c.obj,534
teem-1.6.0-src,encodingGzip.c.obj,602
teem-1.6.0-src,encodingHex.c.obj,1552
teem-1.6.0-src,encodingRaw.c.obj,1858
teem-1.6.0-src,endianAir.c.obj,4
teem-1.6.0-src,endianNrrd.c.obj,319
teem-1.6.0-src,enhex.c.obj,689
teem-1.6.0-src,enum.c.obj,752
teem-1.6.0-src,enumsAlan.c.obj,0
teem-1.6.0-src,enumsEcho.c.obj,0
teem-1.6.0-src,enumsNrrd.c.obj,0
teem-1.6.0-src,enumsTen.c.obj,0
teem-1.6.0-src,env.c.obj,1129
teem-1.6.0-src,epireg.c.obj,12724
teem-1.6.0-src,ex0.c.obj,513
teem-1.6.0-src,ex1.c.obj,1183
teem-1.6.0-src,ex2.c.obj,952
teem-1.6.0-src,ex3.c.obj,1450
teem-1.6.0-src,ex4.c.obj,1096
teem-1.6.0-src,ex5.c.obj,757
teem-1.6.0-src,fiber.c.obj,4243
teem-1.6.0-src,fiberMethods.c.obj,2529
teem-1.6.0-src,filt.c.obj,4911
teem-1.6.0-src,filter.c.obj,3156
teem-1.6.0-src,flip.c.obj,778
teem-1.6.0-src,floatprint.c.obj,588
teem-1.6.0-src,flotsam.c.obj,2350
teem-1.6.0-src,format.c.obj,660
teem-1.6.0-src,formatEPS.c.obj,2309
teem-1.6.0-src,formatNRRD.c.obj,3517
teem-1.6.0-src,formatPNG.c.obj,690
teem-1.6.0-src,formatPNM.c.obj,2775
teem-1.6.0-src,formatText.c.obj,2621
teem-1.6.0-src,formatVTK.c.obj,5485
teem-1.6.0-src,fp.c.obj,1538
teem-1.6.0-src,gamma.c.obj,1322
teem-1.6.0-src,genmat.c.obj,3020
teem-1.6.0-src,genvol.c.obj,1555
teem-1.6.0-src,gkmsFlotsam.c.obj,1908
teem-1.6.0-src,gkmsHvol.c.obj,2734
teem-1.6.0-src,gkmsInfo.c.obj,1265
teem-1.6.0-src,gkmsMite.c.obj,1116
teem-1.6.0-src,gkmsOpac.c.obj,3133
teem-1.6.0-src,gkmsPvg.c.obj,2594
teem-1.6.0-src,gkmsScat.c.obj,1496
teem-1.6.0-src,gkmsTxf.c.obj,3000
teem-1.6.0-src,glyph.c.obj,4661
teem-1.6.0-src,gzio.c.obj,0
teem-1.6.0-src,head.c.obj,1382
teem-1.6.0-src,heq.c.obj,2005
teem-1.6.0-src,hestLimn.c.obj,994
teem-1.6.0-src,hestMoss.c.obj,1006
teem-1.6.0-src,hestNrrd.c.obj,1015
teem-1.6.0-src,histax.c.obj,1287
teem-1.6.0-src,histo.c.obj,1450
teem-1.6.0-src,histogram.c.obj,5839
teem-1.6.0-src,hvol.c.obj,6491
teem-1.6.0-src,imap.c.obj,2402
teem-1.6.0-src,inc.c.obj,3001
teem-1.6.0-src,inset.c.obj,1313
teem-1.6.0-src,intx.c.obj,13378
teem-1.6.0-src,invert.c.obj,641
teem-1.6.0-src,io.c.obj,777
teem-1.6.0-src,iter.c.obj,625
teem-1.6.0-src,jhisto.c.obj,2537
teem-1.6.0-src,join.c.obj,1440
teem-1.6.0-src,kernel.c.obj,21527
teem-1.6.0-src,keyvalue.c.obj,741
teem-1.6.0-src,kv.c.obj,351
teem-1.6.0-src,light.c.obj,416
teem-1.6.0-src,lightEcho.c.obj,673
teem-1.6.0-src,list.c.obj,1382
teem-1.6.0-src,lut.c.obj,2029
teem-1.6.0-src,make.c.obj,6297
teem-1.6.0-src,map.c.obj,300
teem-1.6.0-src,mat.c.obj,23980
teem-1.6.0-src,matter.c.obj,336
teem-1.6.0-src,measr.c.obj,294
teem-1.6.0-src,measure.c.obj,8347
teem-1.6.0-src,methodsAlan.c.obj,2063
teem-1.6.0-src,methodsBane.c.obj,587
teem-1.6.0-src,methodsDye.c.obj,1082
teem-1.6.0-src,methodsEcho.c.obj,549
teem-1.6.0-src,methodsHest.c.obj,2188
teem-1.6.0-src,methodsHoover.c.obj,1666
teem-1.6.0-src,methodsLimn.c.obj,304
teem-1.6.0-src,methodsMoss.c.obj,1008
teem-1.6.0-src,methodsNrrd.c.obj,3921
teem-1.6.0-src,minmax.c.obj,288
teem-1.6.0-src,miscAir.c.obj,3896
teem-1.6.0-src,miscEll.c.obj,1215
teem-1.6.0-src,miscGage.c.obj,591
teem-1.6.0-src,miscTen.c.obj,3430
teem-1.6.0-src,mod.c.obj,3031
teem-1.6.0-src,model.c.obj,1076
teem-1.6.0-src,mop.c.obj,965
teem-1.6.0-src,obj.c.obj,786
teem-1.6.0-src,objmethods.c.obj,1016
teem-1.6.0-src,opac.c.obj,466
teem-1.6.0-src,pad.c.obj,1716
teem-1.6.0-src,parseAir.c.obj,1270
teem-1.6.0-src,parseHest.c.obj,10919
teem-1.6.0-src,parseNrrd.c.obj,5447
teem-1.6.0-src,permute.c.obj,989
teem-1.6.0-src,pos.c.obj,541
teem-1.6.0-src,print.c.obj,5493
teem-1.6.0-src,project.c.obj,1865
teem-1.6.0-src,pvl.c.obj,1380
teem-1.6.0-src,qn.c.obj,2681
teem-1.6.0-src,quadvol.c.obj,1529
teem-1.6.0-src,quantize.c.obj,1582
teem-1.6.0-src,quat.c.obj,14762
teem-1.6.0-src,range.c.obj,608
teem-1.6.0-src,rangeBane.c.obj,952
teem-1.6.0-src,ray.c.obj,4032
teem-1.6.0-src,rays.c.obj,3407
teem-1.6.0-src,read.c.obj,2592
teem-1.6.0-src,renderEcho.c.obj,4687
teem-1.6.0-src,renderLimn.c.obj,2949
teem-1.6.0-src,renderMite.c.obj,1085
teem-1.6.0-src,reorder.c.obj,8188
teem-1.6.0-src,resample.c.obj,3274
teem-1.6.0-src,resampleNrrd.c.obj,6041
teem-1.6.0-src,reshape.c.obj,970
teem-1.6.0-src,rmap.c.obj,2469
teem-1.6.0-src,sampler.c.obj,2126
teem-1.6.0-src,sane.c.obj,3035
teem-1.6.0-src,save.c.obj,2768
teem-1.6.0-src,scat.c.obj,733
teem-1.6.0-src,scl.c.obj,0
teem-1.6.0-src,sclanswer.c.obj,6491
teem-1.6.0-src,sclfilter.c.obj,8609
teem-1.6.0-src,sclprint.c.obj,949
teem-1.6.0-src,set.c.obj,1144
teem-1.6.0-src,shape.c.obj,3125
teem-1.6.0-src,shapes.c.obj,3580
teem-1.6.0-src,shuffle.c.obj,1580
teem-1.6.0-src,sigma.c.obj,153
teem-1.6.0-src,simple.c.obj,4261
teem-1.6.0-src,slice.c.obj,1213
teem-1.6.0-src,soid.c.obj,3193
teem-1.6.0-src,sort3.c.obj,678
teem-1.6.0-src,splice.c.obj,1341
teem-1.6.0-src,splineEval.c.obj,5813
teem-1.6.0-src,splineMethods.c.obj,4472
teem-1.6.0-src,splineMisc.c.obj,2277
teem-1.6.0-src,sqd.c.obj,7405
teem-1.6.0-src,st.c.obj,2919
teem-1.6.0-src,string.c.obj,1020
teem-1.6.0-src,strings.c.obj,1175
teem-1.6.0-src,stub.c.obj,100
teem-1.6.0-src,subset.c.obj,2423
teem-1.6.0-src,superset.c.obj,4203
teem-1.6.0-src,swap.c.obj,841
teem-1.6.0-src,tbc.c.obj,1636
teem-1.6.0-src,tblah.c.obj,977
teem-1.6.0-src,tcam.c.obj,1136
teem-1.6.0-src,tcamanim.c.obj,3227
teem-1.6.0-src,tem.c.obj,1024
teem-1.6.0-src,tenGage.c.obj,3313
teem-1.6.0-src,tendAnhist.c.obj,1159
teem-1.6.0-src,tendAnplot.c.obj,1629
teem-1.6.0-src,tendAnscale.c.obj,1355
teem-1.6.0-src,tendAnvol.c.obj,1473
teem-1.6.0-src,tendBmat.c.obj,1309
teem-1.6.0-src,tendEllipse.c.obj,2369
teem-1.6.0-src,tendEpireg.c.obj,4440
teem-1.6.0-src,tendEstim.c.obj,3769
teem-1.6.0-src,tendEval.c.obj,1584
teem-1.6.0-src,tendEvaladd.c.obj,956
teem-1.6.0-src,tendEvalclamp.c.obj,1244
teem-1.6.0-src,tendEvalpow.c.obj,867
teem-1.6.0-src,tendEvec.c.obj,1626
teem-1.6.0-src,tendEvecrgb.c.obj,1867
teem-1.6.0-src,tendEvq.c.obj,2161
teem-1.6.0-src,tendExpand.c.obj,1432
teem-1.6.0-src,tendFiber.c.obj,2496
teem-1.6.0-src,tendFlotsam.c.obj,1158
teem-1.6.0-src,tendGlyph.c.obj,6468
teem-1.6.0-src,tendMake.c.obj,949
teem-1.6.0-src,tendNorm.c.obj,1261
teem-1.6.0-src,tendPoint.c.obj,1620
teem-1.6.0-src,tendSatin.c.obj,5104
teem-1.6.0-src,tendShrink.c.obj,924
teem-1.6.0-src,tendSim.c.obj,1320
teem-1.6.0-src,tendSlice.c.obj,993
teem-1.6.0-src,tendSten.c.obj,1322
teem-1.6.0-src,tensor.c.obj,6239
teem-1.6.0-src,test.c.obj,862
teem-1.6.0-src,tg.c.obj,2331
teem-1.6.0-src,thread.c.obj,274
teem-1.6.0-src,threadAir.c.obj,1034
teem-1.6.0-src,tinfo.c.obj,505
teem-1.6.0-src,tkernel.c.obj,1795
teem-1.6.0-src,tline.c.obj,405
teem-1.6.0-src,tmfKernel.c.obj,151353
teem-1.6.0-src,tmop.c.obj,607
teem-1.6.0-src,tok.c.obj,266
teem-1.6.0-src,tps.c.obj,2360
teem-1.6.0-src,tq.c.obj,5335
teem-1.6.0-src,trand.c.obj,157
teem-1.6.0-src,transform.c.obj,2909
teem-1.6.0-src,tread.c.obj,276
teem-1.6.0-src,trend.c.obj,6477
teem-1.6.0-src,trex.c.obj,342
teem-1.6.0-src,trnsf.c.obj,4310
teem-1.6.0-src,tspline.c.obj,1925
teem-1.6.0-src,tspot.c.obj,919
teem-1.6.0-src,tt.c.obj,2654
teem-1.6.0-src,txf.c.obj,3227
teem-1.6.0-src,typestest.c.obj,408
teem-1.6.0-src,unblock.c.obj,1118
teem-1.6.0-src,unquantize.c.obj,1135
teem-1.6.0-src,update.c.obj,4374
teem-1.6.0-src,usage.c.obj,2647
teem-1.6.0-src,user.c.obj,831
teem-1.6.0-src,valid.c.obj,2254
teem-1.6.0-src,vecEll.c.obj,1534
teem-1.6.0-src,vecGage.c.obj,2701
teem-1.6.0-src,vecprint.c.obj,68
teem-1.6.0-src,winKernel.c.obj,18704
teem-1.6.0-src,write.c.obj,3891
teem-1.6.0-src,xform.c.obj,3050
ttt-0.10.1.preproc,connect4.o,7569
ttt-0.10.1.preproc,engine.o,3992
ttt-0.10.1.preproc,main.o,1907
ttt-0.10.1.preproc,parse.o,2646
ttt-0.10.1.preproc,ttt.o,10373
ttt-0.10.1.preproc,util.o,2501
unrarlib-0.4.0,getfile.c.obj,741
unrarlib-0.4.0,listarchive.c.obj,918
unrarlib-0.4.0,unrarlib.c.obj,9590
libpng-1.2.5,png.c.obj,2483
libpng-1.2.5,png2pnm.c.obj,2357
libpng-1.2.5,pngerror.c.obj,829
libpng-1.2.5,pngget.c.obj,2480
libpng-1.2.5,pngmem.c.obj,557
libpng-1.2.5,pngpread.c.obj,5831
libpng-1.2.5,pngread.c.obj,7182
libpng-1.2.5,pngrio.c.obj,309
libpng-1.2.5,pngrtran.c.obj,14984
libpng-1.2.5,pngrutil.c.obj,13912
libpng-1.2.5,pngset.c.obj,5521
libpng-1.2.5,pngtest.c.obj,5326
libpng-1.2.5,pngtrans.c.obj,1874
libpng-1.2.5,pngwio.c.obj,365
libpng-1.2.5,pngwrite.c.obj,5465
libpng-1.2.5,pngwtran.c.obj,1282
libpng-1.2.5,pngwutil.c.obj,10397
libpng-1.2.5,pnm2png.c.obj,2525
flex-2.5.31,buf.c.obj,837
flex-2.5.31,ccl.c.obj,944
flex-2.5.31,dfa.c.obj,5606
flex-2.5.31,ecs.c.obj,474
flex-2.5.31,filter.c.obj,1845
flex-2.5.31,gen.c.obj,20422
flex-2.5.31,libmain.c.obj,24
flex-2.5.31,libyywrap.c.obj,12
flex-2.5.31,main.c.obj,16678
flex-2.5.31,misc.c.obj,4926
flex-2.5.31,nfa.c.obj,3076
flex-2.5.31,options.c.obj,1230
flex-2.5.31,parse.c.obj,7714
flex-2.5.31,regex.c.obj,477
flex-2.5.31,scan.c.obj,36296
flex-2.5.31,scanopt.c.obj,2784
flex-2.5.31,skel.c.obj,79802
flex-2.5.31,sym.c.obj,817
flex-2.5.31,tables.c.obj,1721
flex-2.5.31,tables_shared.c.obj,32
flex-2.5.31,tblcmp.c.obj,2844
flex-2.5.31,yylex.c.obj,840
cg_compiler_opensrc,atom.c.obj,3022
cg_compiler_opensrc,binding.c.obj,1263
cg_compiler_opensrc,cgcmain.c.obj,2055
cg_compiler_opensrc,cgstruct.c.obj,96
cg_compiler_opensrc,check.c.obj,2795
cg_compiler_opensrc,compile.c.obj,10513
cg_compiler_opensrc,constfold.c.obj,2904
cg_compiler_opensrc,cpp.c.obj,5342
cg_compiler_opensrc,generic_hal.c.obj,1483
cg_compiler_opensrc,hal.c.obj,2255
cg_compiler_opensrc,inline.c.obj,2312
cg_compiler_opensrc,memory.c.obj,450
cg_compiler_opensrc,parser.c.obj,13379
cg_compiler_opensrc,printutils.c.obj,8413
cg_compiler_opensrc,scanner.c.obj,5263
cg_compiler_opensrc,semantic.c.obj,3582
cg_compiler_opensrc,stdlib.c.obj,10
cg_compiler_opensrc,support.c.obj,19967
cg_compiler_opensrc,support_iter.c.obj,1744
cg_compiler_opensrc,symbols.c.obj,5705
cg_compiler_opensrc,tokenize.c.obj,660
cg_compiler_opensrc,tokens.c.obj,2491
lwip-0.5.3.preproc,api_lib.o,5147
lwip-0.5.3.preproc,api_msg.o,4332
lwip-0.5.3.preproc,arp.o,2424
lwip-0.5.3.preproc,err.o,0
lwip-0.5.3.preproc,fs.o,40271
lwip-0.5.3.preproc,httpd.o,1614
lwip-0.5.3.preproc,icmp.o,1693
lwip-0.5.3.preproc,inet.o,946
lwip-0.5.3.preproc,ip.o,2968
lwip-0.5.3.preproc,ip_addr.o,0
lwip-0.5.3.preproc,loopif.o,313
lwip-0.5.3.preproc,mem.o,2133
lwip-0.5.3.preproc,memp.o,2054
lwip-0.5.3.preproc,netif.o,798
lwip-0.5.3.preproc,pbuf.o,3367
lwip-0.5.3.preproc,shell.o,12497
lwip-0.5.3.preproc,simhost.o,722
lwip-0.5.3.preproc,simnode.o,659
lwip-0.5.3.preproc,simrouter.o,844
lwip-0.5.3.preproc,sockets.o,2686
lwip-0.5.3.preproc,stats.o,78
lwip-0.5.3.preproc,sys.o,1044
lwip-0.5.3.preproc,tcp.o,6733
lwip-0.5.3.preproc,tcp_input.o,10939
lwip-0.5.3.preproc,tcp_output.o,5832
lwip-0.5.3.preproc,tcpdump.o,1993
lwip-0.5.3.preproc,tcpecho.o,332
lwip-0.5.3.preproc,tcpip.o,706
lwip-0.5.3.preproc,udp.o,2607
lwip-0.5.3.preproc,udpecho.o,394
