Compiler version,clang version 8.0.0 (trunk 345029)
Compiler flags,--target=arm-none-eabi -Os -mcpu=cortex-m0 -mthumb -isysroot /usr/lib/arm-none-eabi -iwithsysroot /include

Date,2018-10-23
Revision,345029

mpgcut-1.1,mpgcut.c.obj,12360
jpeg-6b,ansi2knr.c.obj,2532
jpeg-6b,cdjpeg.c.obj,144
jpeg-6b,cjpeg.c.obj,5221
jpeg-6b,ckconfig.c.obj,2232
jpeg-6b,djpeg.c.obj,5639
jpeg-6b,jcapimin.c.obj,712
jpeg-6b,jcapistd.c.obj,428
jpeg-6b,jccoefct.c.obj,1626
jpeg-6b,jccolor.c.obj,1460
jpeg-6b,jcdctmgr.c.obj,1200
jpeg-6b,jchuff.c.obj,3884
jpeg-6b,jcinit.c.obj,162
jpeg-6b,jcmainct.c.obj,382
jpeg-6b,jcmarker.c.obj,2016
jpeg-6b,jcmaster.c.obj,2368
jpeg-6b,jcomapi.c.obj,148
jpeg-6b,jcparam.c.obj,2998
jpeg-6b,jcphuff.c.obj,4802
jpeg-6b,jcprepct.c.obj,1270
jpeg-6b,jcsample.c.obj,1958
jpeg-6b,jctrans.c.obj,1244
jpeg-6b,jdapimin.c.obj,898
jpeg-6b,jdapistd.c.obj,838
jpeg-6b,jdatadst.c.obj,246
jpeg-6b,jdatasrc.c.obj,294
jpeg-6b,jdcoefct.c.obj,3078
jpeg-6b,jdcolor.c.obj,1124
jpeg-6b,jddctmgr.c.obj,736
jpeg-6b,jdhuff.c.obj,2280
jpeg-6b,jdinput.c.obj,1292
jpeg-6b,jdmainct.c.obj,1362
jpeg-6b,jdmarker.c.obj,5666
jpeg-6b,jdmaster.c.obj,1600
jpeg-6b,jdmerge.c.obj,1286
jpeg-6b,jdphuff.c.obj,2830
jpeg-6b,jdpostct.c.obj,792
jpeg-6b,jdsample.c.obj,1626
jpeg-6b,jdtrans.c.obj,288
jpeg-6b,jerror.c.obj,5474
jpeg-6b,jfdctflt.c.obj,912
jpeg-6b,jfdctfst.c.obj,496
jpeg-6b,jfdctint.c.obj,680
jpeg-6b,jidctflt.c.obj,1252
jpeg-6b,jidctfst.c.obj,844
jpeg-6b,jidctint.c.obj,1020
jpeg-6b,jidctred.c.obj,1142
jpeg-6b,jmemmgr.c.obj,2912
jpeg-6b,jmemnobs.c.obj,138
jpeg-6b,jpegtran.c.obj,3476
jpeg-6b,jquant1.c.obj,2610
jpeg-6b,jquant2.c.obj,3656
jpeg-6b,jutils.c.obj,464
jpeg-6b,rdbmp.c.obj,1526
jpeg-6b,rdcolmap.c.obj,1152
jpeg-6b,rdgif.c.obj,97
jpeg-6b,rdjpgcom.c.obj,2215
jpeg-6b,rdppm.c.obj,1484
jpeg-6b,rdrle.c.obj,0
jpeg-6b,rdswitch.c.obj,1784
jpeg-6b,rdtarga.c.obj,1600
jpeg-6b,transupp.c.obj,4154
jpeg-6b,wrbmp.c.obj,2420
jpeg-6b,wrgif.c.obj,2632
jpeg-6b,wrjpgcom.c.obj,3213
jpeg-6b,wrppm.c.obj,564
jpeg-6b,wrrle.c.obj,0
jpeg-6b,wrtarga.c.obj,890
zlib-1.1.4,adler32.c.obj,252
zlib-1.1.4,compress.c.obj,136
zlib-1.1.4,crc32.c.obj,1256
zlib-1.1.4,deflate.c.obj,4932
zlib-1.1.4,example.c.obj,3711
zlib-1.1.4,gzio.c.obj,2899
zlib-1.1.4,infblock.c.obj,3122
zlib-1.1.4,infcodes.c.obj,1814
zlib-1.1.4,inffast.c.obj,978
zlib-1.1.4,inflate.c.obj,1533
zlib-1.1.4,inftrees.c.obj,2153
zlib-1.1.4,infutil.c.obj,230
zlib-1.1.4,minigzip.c.obj,1111
zlib-1.1.4,trees.c.obj,7624
zlib-1.1.4,uncompr.c.obj,102
zlib-1.1.4,zutil.c.obj,205
replaypc-0.4.0.preproc,ReplayPC.o,6092
replaypc-0.4.0.preproc,addressbook.o,1183
replaypc-0.4.0.preproc,bigfile.o,681
replaypc-0.4.0.preproc,build-ndx.o,1000
replaypc-0.4.0.preproc,cg.o,3613
replaypc-0.4.0.preproc,channelset.o,385
replaypc-0.4.0.preproc,crypt-test.o,2398
replaypc-0.4.0.preproc,crypt.o,1496
replaypc-0.4.0.preproc,dump-addressbook.o,788
replaypc-0.4.0.preproc,dump-cg2.o,734
replaypc-0.4.0.preproc,dump-channelset.o,624
replaypc-0.4.0.preproc,dump-filedarray.o,824
replaypc-0.4.0.preproc,dump-guide.o,973
replaypc-0.4.0.preproc,dump-headend.o,597
replaypc-0.4.0.preproc,dump-programset.o,1005
replaypc-0.4.0.preproc,dump-replaychannels.o,531
replaypc-0.4.0.preproc,dump-replayshows.o,526
replaypc-0.4.0.preproc,dump-zipcode2.o,526
replaypc-0.4.0.preproc,dump.o,2649
replaypc-0.4.0.preproc,filedarray.o,434
replaypc-0.4.0.preproc,find-GOPs.o,518
replaypc-0.4.0.preproc,guide.o,10278
replaypc-0.4.0.preproc,guideclient.o,1230
replaypc-0.4.0.preproc,headend.o,1386
replaypc-0.4.0.preproc,httpclient.o,4659
replaypc-0.4.0.preproc,httpfs.o,9409
replaypc-0.4.0.preproc,httpfsclient.o,3904
replaypc-0.4.0.preproc,mark-commercial.o,2768
replaypc-0.4.0.preproc,ndx-dump.o,5679
replaypc-0.4.0.preproc,ndx.o,913
replaypc-0.4.0.preproc,program.o,2993
replaypc-0.4.0.preproc,rddns.o,948
replaypc-0.4.0.preproc,rddnsclient.o,1870
replaypc-0.4.0.preproc,rtv.o,1810
replaypc-0.4.0.preproc,rtvguide.o,2019
replaypc-0.4.0.preproc,sleep.o,90
replaypc-0.4.0.preproc,un-protect.o,1654
replaypc-0.4.0.preproc,version-test.o,279
replaypc-0.4.0.preproc,zipcode.o,611
OpenTCP-1.0.4,arp.c.obj,1736
OpenTCP-1.0.4,bootp.c.obj,996
OpenTCP-1.0.4,dhcpc.c.obj,2130
OpenTCP-1.0.4,dns.c.obj,1144
OpenTCP-1.0.4,ethernet.c.obj,1432
OpenTCP-1.0.4,http_server.c.obj,1202
OpenTCP-1.0.4,https_callbacks.c.obj,664
OpenTCP-1.0.4,icmp.c.obj,284
OpenTCP-1.0.4,ip.c.obj,1876
OpenTCP-1.0.4,main_demo.c.obj,220
OpenTCP-1.0.4,pop3_client.c.obj,3195
OpenTCP-1.0.4,pop3c_callbacks.c.obj,78
OpenTCP-1.0.4,smtp_client.c.obj,2004
OpenTCP-1.0.4,smtpc_callbacks.c.obj,90
OpenTCP-1.0.4,system.c.obj,1040
OpenTCP-1.0.4,tcp.c.obj,4656
OpenTCP-1.0.4,tcp_client_demo.c.obj,312
OpenTCP-1.0.4,tcp_server_demo.c.obj,296
OpenTCP-1.0.4,tftps.c.obj,744
OpenTCP-1.0.4,timers.c.obj,236
OpenTCP-1.0.4,udp.c.obj,1128
OpenTCP-1.0.4,udp_demo.c.obj,248
bzip2-1.0.2,blocksort.c.obj,5495
bzip2-1.0.2,bzip2.c.obj,15153
bzip2-1.0.2,bzip2recover.c.obj,3501
bzip2-1.0.2,bzlib.c.obj,9497
bzip2-1.0.2,compress.c.obj,11811
bzip2-1.0.2,crctable.c.obj,0
bzip2-1.0.2,decompress.c.obj,8523
bzip2-1.0.2,huffman.c.obj,1088
bzip2-1.0.2,randtable.c.obj,0
mpeg2dec-0.3.1,alloc.c.obj,116
mpeg2dec-0.3.1,cpu_accel.c.obj,12
mpeg2dec-0.3.1,cpu_state.c.obj,10
mpeg2dec-0.3.1,decode.c.obj,2644
mpeg2dec-0.3.1,extract_mpeg2.c.obj,3112
mpeg2dec-0.3.1,getopt.c.obj,2486
mpeg2dec-0.3.1,gettimeofday.c.obj,0
mpeg2dec-0.3.1,header.c.obj,3888
mpeg2dec-0.3.1,idct.c.obj,1504
mpeg2dec-0.3.1,idct_alpha.c.obj,0
mpeg2dec-0.3.1,idct_altivec.c.obj,0
mpeg2dec-0.3.1,idct_mlib.c.obj,0
mpeg2dec-0.3.1,idct_mmx.c.obj,0
mpeg2dec-0.3.1,motion_comp.c.obj,3830
mpeg2dec-0.3.1,motion_comp_alpha.c.obj,0
mpeg2dec-0.3.1,motion_comp_altivec.c.obj,0
mpeg2dec-0.3.1,motion_comp_mlib.c.obj,0
mpeg2dec-0.3.1,motion_comp_mmx.c.obj,0
mpeg2dec-0.3.1,mpeg2dec.c.obj,4218
mpeg2dec-0.3.1,slice.c.obj,15138
mpeg2dec-0.3.1,video_out.c.obj,74
mpeg2dec-0.3.1,video_out_dx.c.obj,0
mpeg2dec-0.3.1,video_out_null.c.obj,384
mpeg2dec-0.3.1,video_out_pgm.c.obj,525
mpeg2dec-0.3.1,video_out_sdl.c.obj,735
mpeg2dec-0.3.1,video_out_x11.c.obj,0
mpeg2dec-0.3.1,yuv2rgb.c.obj,3736
mpeg2dec-0.3.1,yuv2rgb_mlib.c.obj,0
mpeg2dec-0.3.1,yuv2rgb_mmx.c.obj,0
jikespg-1.3,ctabs.c.obj,42565
jikespg-1.3,globals.c.obj,48
jikespg-1.3,lpgparse.c.obj,38069
jikespg-1.3,lpgutil.c.obj,4033
jikespg-1.3,main.c.obj,5587
jikespg-1.3,mkfirst.c.obj,12236
jikespg-1.3,mkred.c.obj,5644
jikespg-1.3,mkstates.c.obj,2439
jikespg-1.3,partset.c.obj,1310
jikespg-1.3,prntstat.c.obj,2668
jikespg-1.3,produce.c.obj,9431
jikespg-1.3,ptables.c.obj,2729
jikespg-1.3,remsp.c.obj,6734
jikespg-1.3,resolve.c.obj,10066
jikespg-1.3,spacetab.c.obj,16509
jikespg-1.3,tabutil.c.obj,10672
jikespg-1.3,timetab.c.obj,7814
libmspack,cabc.c.obj,22
libmspack,cabd.c.obj,4938
libmspack,cabd_md5.c.obj,1149
libmspack,cabd_test.c.obj,9286
libmspack,cabextract_md5.c.obj,22505
libmspack,cabrip.c.obj,417
libmspack,chmc.c.obj,22
libmspack,chmd.c.obj,3044
libmspack,chmd_md5.c.obj,1018
libmspack,hlpc.c.obj,22
libmspack,hlpd.c.obj,22
libmspack,kwajc.c.obj,22
libmspack,kwajd.c.obj,22
libmspack,litc.c.obj,22
libmspack,litd.c.obj,22
libmspack,lzxc.c.obj,0
libmspack,lzxd.c.obj,6024
libmspack,md5.c.obj,2812
libmspack,mszipc.c.obj,0
libmspack,mszipd.c.obj,48
libmspack,qtmc.c.obj,0
libmspack,qtmd.c.obj,4988
libmspack,system.c.obj,636
libmspack,szddc.c.obj,22
libmspack,szddd.c.obj,22
compiler,cg.c.obj,2415
compiler,main.c.obj,2406
compiler,parser.c.obj,4196
compiler,scanner.c.obj,3467
compiler,vam.c.obj,3591
compiler,vas.c.obj,5790
teem-1.6.0-src,1op.c.obj,1623
teem-1.6.0-src,2op.c.obj,2138
teem-1.6.0-src,3op.c.obj,2256
teem-1.6.0-src,754.c.obj,1535
teem-1.6.0-src,about.c.obj,2762
teem-1.6.0-src,accessors.c.obj,7559
teem-1.6.0-src,aniso.c.obj,3592
teem-1.6.0-src,apply1D.c.obj,7535
teem-1.6.0-src,arith.c.obj,5608
teem-1.6.0-src,array.c.obj,576
teem-1.6.0-src,arraysNrrd.c.obj,0
teem-1.6.0-src,ax.c.obj,3117
teem-1.6.0-src,axdelete.c.obj,1342
teem-1.6.0-src,axinfo.c.obj,1377
teem-1.6.0-src,axinsert.c.obj,1069
teem-1.6.0-src,axis.c.obj,2900
teem-1.6.0-src,axmerge.c.obj,1323
teem-1.6.0-src,axsplit.c.obj,1096
teem-1.6.0-src,bday.c.obj,1010
teem-1.6.0-src,biff.c.obj,2373
teem-1.6.0-src,bimod.c.obj,6079
teem-1.6.0-src,block.c.obj,1110
teem-1.6.0-src,bounds.c.obj,6999
teem-1.6.0-src,bow.c.obj,590
teem-1.6.0-src,cam.c.obj,5249
teem-1.6.0-src,cc.c.obj,9911
teem-1.6.0-src,ccadj.c.obj,1133
teem-1.6.0-src,ccfind.c.obj,1681
teem-1.6.0-src,ccmerge.c.obj,2595
teem-1.6.0-src,ccmethods.c.obj,1148
teem-1.6.0-src,ccsettle.c.obj,998
teem-1.6.0-src,chan.c.obj,8031
teem-1.6.0-src,clip.c.obj,698
teem-1.6.0-src,cmedian.c.obj,2468
teem-1.6.0-src,color.c.obj,8564
teem-1.6.0-src,comment.c.obj,489
teem-1.6.0-src,conv.c.obj,388
teem-1.6.0-src,convert.c.obj,1120
teem-1.6.0-src,convertDye.c.obj,3260
teem-1.6.0-src,convertNrrd.c.obj,5028
teem-1.6.0-src,convo.c.obj,1805
teem-1.6.0-src,coreAlan.c.obj,4037
teem-1.6.0-src,crop.c.obj,1340
teem-1.6.0-src,ctx.c.obj,4258
teem-1.6.0-src,cubicEll.c.obj,2164
teem-1.6.0-src,data.c.obj,1260
teem-1.6.0-src,defaultsBane.c.obj,5
teem-1.6.0-src,defaultsGage.c.obj,5
teem-1.6.0-src,defaultsHest.c.obj,0
teem-1.6.0-src,defaultsHoover.c.obj,7
teem-1.6.0-src,defaultsLimn.c.obj,5
teem-1.6.0-src,defaultsMite.c.obj,5
teem-1.6.0-src,defaultsMoss.c.obj,5
teem-1.6.0-src,defaultsNrrd.c.obj,631
teem-1.6.0-src,defaultsTen.c.obj,16
teem-1.6.0-src,dehex.c.obj,779
teem-1.6.0-src,dhisto.c.obj,1298
teem-1.6.0-src,dice.c.obj,1770
teem-1.6.0-src,dio.c.obj,1890
teem-1.6.0-src,doubleprint.c.obj,598
teem-1.6.0-src,eigen.c.obj,4564
teem-1.6.0-src,encoding.c.obj,630
teem-1.6.0-src,encodingAscii.c.obj,1429
teem-1.6.0-src,encodingBzip2.c.obj,538
teem-1.6.0-src,encodingGzip.c.obj,610
teem-1.6.0-src,encodingHex.c.obj,1540
teem-1.6.0-src,encodingRaw.c.obj,1882
teem-1.6.0-src,endianAir.c.obj,4
teem-1.6.0-src,endianNrrd.c.obj,323
teem-1.6.0-src,enhex.c.obj,713
teem-1.6.0-src,enum.c.obj,848
teem-1.6.0-src,enumsAlan.c.obj,0
teem-1.6.0-src,enumsEcho.c.obj,0
teem-1.6.0-src,enumsNrrd.c.obj,0
teem-1.6.0-src,enumsTen.c.obj,0
teem-1.6.0-src,env.c.obj,1137
teem-1.6.0-src,epireg.c.obj,13056
teem-1.6.0-src,ex0.c.obj,513
teem-1.6.0-src,ex1.c.obj,1227
teem-1.6.0-src,ex2.c.obj,968
teem-1.6.0-src,ex3.c.obj,1482
teem-1.6.0-src,ex4.c.obj,1116
teem-1.6.0-src,ex5.c.obj,777
teem-1.6.0-src,fiber.c.obj,4523
teem-1.6.0-src,fiberMethods.c.obj,2525
teem-1.6.0-src,filt.c.obj,5811
teem-1.6.0-src,filter.c.obj,3256
teem-1.6.0-src,flip.c.obj,786
teem-1.6.0-src,floatprint.c.obj,596
teem-1.6.0-src,flotsam.c.obj,2366
teem-1.6.0-src,format.c.obj,672
teem-1.6.0-src,formatEPS.c.obj,2333
teem-1.6.0-src,formatNRRD.c.obj,3553
teem-1.6.0-src,formatPNG.c.obj,702
teem-1.6.0-src,formatPNM.c.obj,2823
teem-1.6.0-src,formatText.c.obj,2597
teem-1.6.0-src,formatVTK.c.obj,5657
teem-1.6.0-src,fp.c.obj,1554
teem-1.6.0-src,gamma.c.obj,1298
teem-1.6.0-src,genmat.c.obj,3156
teem-1.6.0-src,genvol.c.obj,1659
teem-1.6.0-src,gkmsFlotsam.c.obj,1968
teem-1.6.0-src,gkmsHvol.c.obj,2766
teem-1.6.0-src,gkmsInfo.c.obj,1273
teem-1.6.0-src,gkmsMite.c.obj,1120
teem-1.6.0-src,gkmsOpac.c.obj,3101
teem-1.6.0-src,gkmsPvg.c.obj,2578
teem-1.6.0-src,gkmsScat.c.obj,1496
teem-1.6.0-src,gkmsTxf.c.obj,3028
teem-1.6.0-src,glyph.c.obj,5377
teem-1.6.0-src,gzio.c.obj,0
teem-1.6.0-src,head.c.obj,1386
teem-1.6.0-src,heq.c.obj,2017
teem-1.6.0-src,hestLimn.c.obj,1018
teem-1.6.0-src,hestMoss.c.obj,1018
teem-1.6.0-src,hestNrrd.c.obj,1043
teem-1.6.0-src,histax.c.obj,1279
teem-1.6.0-src,histo.c.obj,1462
teem-1.6.0-src,histogram.c.obj,5839
teem-1.6.0-src,hvol.c.obj,6683
teem-1.6.0-src,imap.c.obj,2426
teem-1.6.0-src,inc.c.obj,3181
teem-1.6.0-src,inset.c.obj,1321
teem-1.6.0-src,intx.c.obj,14010
teem-1.6.0-src,invert.c.obj,645
teem-1.6.0-src,io.c.obj,841
teem-1.6.0-src,iter.c.obj,641
teem-1.6.0-src,jhisto.c.obj,2537
teem-1.6.0-src,join.c.obj,1444
teem-1.6.0-src,kernel.c.obj,22507
teem-1.6.0-src,keyvalue.c.obj,793
teem-1.6.0-src,kv.c.obj,355
teem-1.6.0-src,light.c.obj,412
teem-1.6.0-src,lightEcho.c.obj,701
teem-1.6.0-src,list.c.obj,1466
teem-1.6.0-src,lut.c.obj,2029
teem-1.6.0-src,make.c.obj,6281
teem-1.6.0-src,map.c.obj,304
teem-1.6.0-src,mat.c.obj,24128
teem-1.6.0-src,matter.c.obj,336
teem-1.6.0-src,measr.c.obj,298
teem-1.6.0-src,measure.c.obj,9199
teem-1.6.0-src,methodsAlan.c.obj,2051
teem-1.6.0-src,methodsBane.c.obj,583
teem-1.6.0-src,methodsDye.c.obj,1142
teem-1.6.0-src,methodsEcho.c.obj,557
teem-1.6.0-src,methodsHest.c.obj,2302
teem-1.6.0-src,methodsHoover.c.obj,1662
teem-1.6.0-src,methodsLimn.c.obj,332
teem-1.6.0-src,methodsMoss.c.obj,1004
teem-1.6.0-src,methodsNrrd.c.obj,4001
teem-1.6.0-src,minmax.c.obj,296
teem-1.6.0-src,miscAir.c.obj,3972
teem-1.6.0-src,miscEll.c.obj,1263
teem-1.6.0-src,miscGage.c.obj,575
teem-1.6.0-src,miscTen.c.obj,3446
teem-1.6.0-src,mod.c.obj,3011
teem-1.6.0-src,model.c.obj,1172
teem-1.6.0-src,mop.c.obj,1009
teem-1.6.0-src,obj.c.obj,762
teem-1.6.0-src,objmethods.c.obj,1012
teem-1.6.0-src,opac.c.obj,478
teem-1.6.0-src,pad.c.obj,1712
teem-1.6.0-src,parseAir.c.obj,1360
teem-1.6.0-src,parseHest.c.obj,11591
teem-1.6.0-src,parseNrrd.c.obj,5727
teem-1.6.0-src,permute.c.obj,977
teem-1.6.0-src,pos.c.obj,549
teem-1.6.0-src,print.c.obj,5681
teem-1.6.0-src,project.c.obj,1853
teem-1.6.0-src,pvl.c.obj,1360
teem-1.6.0-src,qn.c.obj,2853
teem-1.6.0-src,quadvol.c.obj,1625
teem-1.6.0-src,quantize.c.obj,1578
teem-1.6.0-src,quat.c.obj,15362
teem-1.6.0-src,range.c.obj,664
teem-1.6.0-src,rangeBane.c.obj,964
teem-1.6.0-src,ray.c.obj,4276
teem-1.6.0-src,rays.c.obj,3675
teem-1.6.0-src,read.c.obj,2728
teem-1.6.0-src,renderEcho.c.obj,4859
teem-1.6.0-src,renderLimn.c.obj,3145
teem-1.6.0-src,renderMite.c.obj,1109
teem-1.6.0-src,reorder.c.obj,8364
teem-1.6.0-src,resample.c.obj,3334
teem-1.6.0-src,resampleNrrd.c.obj,6205
teem-1.6.0-src,reshape.c.obj,954
teem-1.6.0-src,rmap.c.obj,2469
teem-1.6.0-src,sampler.c.obj,2166
teem-1.6.0-src,sane.c.obj,3027
teem-1.6.0-src,save.c.obj,2780
teem-1.6.0-src,scat.c.obj,685
teem-1.6.0-src,scl.c.obj,0
teem-1.6.0-src,sclanswer.c.obj,6541
teem-1.6.0-src,sclfilter.c.obj,9885
teem-1.6.0-src,sclprint.c.obj,1017
teem-1.6.0-src,set.c.obj,1278
teem-1.6.0-src,shape.c.obj,3177
teem-1.6.0-src,shapes.c.obj,3736
teem-1.6.0-src,shuffle.c.obj,1592
teem-1.6.0-src,sigma.c.obj,157
teem-1.6.0-src,simple.c.obj,4437
teem-1.6.0-src,slice.c.obj,1217
teem-1.6.0-src,soid.c.obj,3201
teem-1.6.0-src,sort3.c.obj,674
teem-1.6.0-src,splice.c.obj,1357
teem-1.6.0-src,splineEval.c.obj,5877
teem-1.6.0-src,splineMethods.c.obj,4472
teem-1.6.0-src,splineMisc.c.obj,2273
teem-1.6.0-src,sqd.c.obj,7673
teem-1.6.0-src,st.c.obj,2983
teem-1.6.0-src,string.c.obj,1112
teem-1.6.0-src,strings.c.obj,1179
teem-1.6.0-src,stub.c.obj,100
teem-1.6.0-src,subset.c.obj,2483
teem-1.6.0-src,superset.c.obj,4347
teem-1.6.0-src,swap.c.obj,829
teem-1.6.0-src,tbc.c.obj,1680
teem-1.6.0-src,tblah.c.obj,1101
teem-1.6.0-src,tcam.c.obj,1320
teem-1.6.0-src,tcamanim.c.obj,3307
teem-1.6.0-src,tem.c.obj,1056
teem-1.6.0-src,tenGage.c.obj,3389
teem-1.6.0-src,tendAnhist.c.obj,1143
teem-1.6.0-src,tendAnplot.c.obj,1621
teem-1.6.0-src,tendAnscale.c.obj,1359
teem-1.6.0-src,tendAnvol.c.obj,1465
teem-1.6.0-src,tendBmat.c.obj,1313
teem-1.6.0-src,tendEllipse.c.obj,2397
teem-1.6.0-src,tendEpireg.c.obj,4476
teem-1.6.0-src,tendEstim.c.obj,3805
teem-1.6.0-src,tendEval.c.obj,1588
teem-1.6.0-src,tendEvaladd.c.obj,952
teem-1.6.0-src,tendEvalclamp.c.obj,1244
teem-1.6.0-src,tendEvalpow.c.obj,863
teem-1.6.0-src,tendEvec.c.obj,1610
teem-1.6.0-src,tendEvecrgb.c.obj,1891
teem-1.6.0-src,tendEvq.c.obj,2161
teem-1.6.0-src,tendExpand.c.obj,1428
teem-1.6.0-src,tendFiber.c.obj,2508
teem-1.6.0-src,tendFlotsam.c.obj,1226
teem-1.6.0-src,tendGlyph.c.obj,6532
teem-1.6.0-src,tendMake.c.obj,953
teem-1.6.0-src,tendNorm.c.obj,1265
teem-1.6.0-src,tendPoint.c.obj,1660
teem-1.6.0-src,tendSatin.c.obj,5200
teem-1.6.0-src,tendShrink.c.obj,920
teem-1.6.0-src,tendSim.c.obj,1336
teem-1.6.0-src,tendSlice.c.obj,985
teem-1.6.0-src,tendSten.c.obj,1314
teem-1.6.0-src,tensor.c.obj,6315
teem-1.6.0-src,test.c.obj,874
teem-1.6.0-src,tg.c.obj,2523
teem-1.6.0-src,thread.c.obj,274
teem-1.6.0-src,threadAir.c.obj,1204
teem-1.6.0-src,tinfo.c.obj,521
teem-1.6.0-src,tkernel.c.obj,1895
teem-1.6.0-src,tline.c.obj,429
teem-1.6.0-src,tmfKernel.c.obj,152361
teem-1.6.0-src,tmop.c.obj,583
teem-1.6.0-src,tok.c.obj,290
teem-1.6.0-src,tps.c.obj,2360
teem-1.6.0-src,tq.c.obj,6075
teem-1.6.0-src,trand.c.obj,157
teem-1.6.0-src,transform.c.obj,3129
teem-1.6.0-src,tread.c.obj,284
teem-1.6.0-src,trend.c.obj,6609
teem-1.6.0-src,trex.c.obj,342
teem-1.6.0-src,trnsf.c.obj,4326
teem-1.6.0-src,tspline.c.obj,1973
teem-1.6.0-src,tspot.c.obj,883
teem-1.6.0-src,tt.c.obj,2690
teem-1.6.0-src,txf.c.obj,3323
teem-1.6.0-src,typestest.c.obj,392
teem-1.6.0-src,unblock.c.obj,1102
teem-1.6.0-src,unquantize.c.obj,1131
teem-1.6.0-src,update.c.obj,4630
teem-1.6.0-src,usage.c.obj,2755
teem-1.6.0-src,user.c.obj,827
teem-1.6.0-src,valid.c.obj,2338
teem-1.6.0-src,vecEll.c.obj,1576
teem-1.6.0-src,vecGage.c.obj,2745
teem-1.6.0-src,vecprint.c.obj,68
teem-1.6.0-src,winKernel.c.obj,18876
teem-1.6.0-src,write.c.obj,4007
teem-1.6.0-src,xform.c.obj,3386
ttt-0.10.1.preproc,connect4.o,7569
ttt-0.10.1.preproc,engine.o,3992
ttt-0.10.1.preproc,main.o,1907
ttt-0.10.1.preproc,parse.o,2646
ttt-0.10.1.preproc,ttt.o,10373
ttt-0.10.1.preproc,util.o,2501
unrarlib-0.4.0,getfile.c.obj,757
unrarlib-0.4.0,listarchive.c.obj,938
unrarlib-0.4.0,unrarlib.c.obj,10170
libpng-1.2.5,png.c.obj,2643
libpng-1.2.5,png2pnm.c.obj,2429
libpng-1.2.5,pngerror.c.obj,837
libpng-1.2.5,pngget.c.obj,2580
libpng-1.2.5,pngmem.c.obj,599
libpng-1.2.5,pngpread.c.obj,6591
libpng-1.2.5,pngread.c.obj,7400
libpng-1.2.5,pngrio.c.obj,309
libpng-1.2.5,pngrtran.c.obj,15996
libpng-1.2.5,pngrutil.c.obj,14944
libpng-1.2.5,pngset.c.obj,5697
libpng-1.2.5,pngtest.c.obj,5570
libpng-1.2.5,pngtrans.c.obj,1932
libpng-1.2.5,pngwio.c.obj,365
libpng-1.2.5,pngwrite.c.obj,5729
libpng-1.2.5,pngwtran.c.obj,1382
libpng-1.2.5,pngwutil.c.obj,11561
libpng-1.2.5,pnm2png.c.obj,2645
flex-2.5.31,buf.c.obj,965
flex-2.5.31,ccl.c.obj,1004
flex-2.5.31,dfa.c.obj,5942
flex-2.5.31,ecs.c.obj,566
flex-2.5.31,filter.c.obj,1901
flex-2.5.31,gen.c.obj,21958
flex-2.5.31,libmain.c.obj,24
flex-2.5.31,libyywrap.c.obj,12
flex-2.5.31,main.c.obj,16894
flex-2.5.31,misc.c.obj,5596
flex-2.5.31,nfa.c.obj,3128
flex-2.5.31,options.c.obj,1230
flex-2.5.31,parse.c.obj,8706
flex-2.5.31,regex.c.obj,497
flex-2.5.31,scan.c.obj,38604
flex-2.5.31,scanopt.c.obj,2900
flex-2.5.31,skel.c.obj,79802
flex-2.5.31,sym.c.obj,847
flex-2.5.31,tables.c.obj,2015
flex-2.5.31,tables_shared.c.obj,36
flex-2.5.31,tblcmp.c.obj,3440
flex-2.5.31,yylex.c.obj,844
cg_compiler_opensrc,atom.c.obj,3140
cg_compiler_opensrc,binding.c.obj,1395
cg_compiler_opensrc,cgcmain.c.obj,2083
cg_compiler_opensrc,cgstruct.c.obj,76
cg_compiler_opensrc,check.c.obj,2847
cg_compiler_opensrc,compile.c.obj,11849
cg_compiler_opensrc,constfold.c.obj,2968
cg_compiler_opensrc,cpp.c.obj,5882
cg_compiler_opensrc,generic_hal.c.obj,1515
cg_compiler_opensrc,hal.c.obj,2315
cg_compiler_opensrc,inline.c.obj,2316
cg_compiler_opensrc,memory.c.obj,472
cg_compiler_opensrc,parser.c.obj,13155
cg_compiler_opensrc,printutils.c.obj,8973
cg_compiler_opensrc,scanner.c.obj,5371
cg_compiler_opensrc,semantic.c.obj,3586
cg_compiler_opensrc,stdlib.c.obj,10
cg_compiler_opensrc,support.c.obj,20423
cg_compiler_opensrc,support_iter.c.obj,1720
cg_compiler_opensrc,symbols.c.obj,6285
cg_compiler_opensrc,tokenize.c.obj,660
cg_compiler_opensrc,tokens.c.obj,2699
lwip-0.5.3.preproc,api_lib.o,5147
lwip-0.5.3.preproc,api_msg.o,4332
lwip-0.5.3.preproc,arp.o,2424
lwip-0.5.3.preproc,err.o,0
lwip-0.5.3.preproc,fs.o,40271
lwip-0.5.3.preproc,httpd.o,1614
lwip-0.5.3.preproc,icmp.o,1693
lwip-0.5.3.preproc,inet.o,946
lwip-0.5.3.preproc,ip.o,2968
lwip-0.5.3.preproc,ip_addr.o,0
lwip-0.5.3.preproc,loopif.o,313
lwip-0.5.3.preproc,mem.o,2133
lwip-0.5.3.preproc,memp.o,2054
lwip-0.5.3.preproc,netif.o,798
lwip-0.5.3.preproc,pbuf.o,3367
lwip-0.5.3.preproc,shell.o,12497
lwip-0.5.3.preproc,simhost.o,722
lwip-0.5.3.preproc,simnode.o,659
lwip-0.5.3.preproc,simrouter.o,844
lwip-0.5.3.preproc,sockets.o,2686
lwip-0.5.3.preproc,stats.o,78
lwip-0.5.3.preproc,sys.o,1044
lwip-0.5.3.preproc,tcp.o,6733
lwip-0.5.3.preproc,tcp_input.o,10939
lwip-0.5.3.preproc,tcp_output.o,5832
lwip-0.5.3.preproc,tcpdump.o,1993
lwip-0.5.3.preproc,tcpecho.o,332
lwip-0.5.3.preproc,tcpip.o,706
lwip-0.5.3.preproc,udp.o,2607
lwip-0.5.3.preproc,udpecho.o,394
