Compiler version,clang version 5.0.0 (trunk 307057)
Compiler flags,--target=arm-none-eabi -Oz -mcpu=cortex-m4 -mthumb -isysroot /usr/lib/arm-none-eabi -iwithsysroot /include

Date,2017-07-04
Revision,307057

mpgcut-1.1,mpgcut.c.obj,8038
jpeg-6b,ansi2knr.c.obj,2332
jpeg-6b,cdjpeg.c.obj,120
jpeg-6b,cjpeg.c.obj,5045
jpeg-6b,ckconfig.c.obj,2184
jpeg-6b,djpeg.c.obj,5575
jpeg-6b,jcapimin.c.obj,742
jpeg-6b,jcapistd.c.obj,418
jpeg-6b,jccoefct.c.obj,1462
jpeg-6b,jccolor.c.obj,1274
jpeg-6b,jcdctmgr.c.obj,1276
jpeg-6b,jchuff.c.obj,2828
jpeg-6b,jcinit.c.obj,156
jpeg-6b,jcmainct.c.obj,356
jpeg-6b,jcmarker.c.obj,1676
jpeg-6b,jcmaster.c.obj,2280
jpeg-6b,jcomapi.c.obj,152
jpeg-6b,jcparam.c.obj,2650
jpeg-6b,jcphuff.c.obj,2304
jpeg-6b,jcprepct.c.obj,1136
jpeg-6b,jcsample.c.obj,1806
jpeg-6b,jctrans.c.obj,1130
jpeg-6b,jdapimin.c.obj,882
jpeg-6b,jdapistd.c.obj,792
jpeg-6b,jdatadst.c.obj,274
jpeg-6b,jdatasrc.c.obj,290
jpeg-6b,jdcoefct.c.obj,2676
jpeg-6b,jdcolor.c.obj,1082
jpeg-6b,jddctmgr.c.obj,744
jpeg-6b,jdhuff.c.obj,2160
jpeg-6b,jdinput.c.obj,1076
jpeg-6b,jdmainct.c.obj,1336
jpeg-6b,jdmarker.c.obj,5268
jpeg-6b,jdmaster.c.obj,1408
jpeg-6b,jdmerge.c.obj,1362
jpeg-6b,jdphuff.c.obj,2480
jpeg-6b,jdpostct.c.obj,726
jpeg-6b,jdsample.c.obj,1460
jpeg-6b,jdtrans.c.obj,274
jpeg-6b,jerror.c.obj,5488
jpeg-6b,jfdctflt.c.obj,464
jpeg-6b,jfdctfst.c.obj,444
jpeg-6b,jfdctint.c.obj,644
jpeg-6b,jidctflt.c.obj,876
jpeg-6b,jidctfst.c.obj,860
jpeg-6b,jidctint.c.obj,1092
jpeg-6b,jidctred.c.obj,1168
jpeg-6b,jmemmgr.c.obj,2734
jpeg-6b,jmemnobs.c.obj,108
jpeg-6b,jpegtran.c.obj,3348
jpeg-6b,jquant1.c.obj,2386
jpeg-6b,jquant2.c.obj,3224
jpeg-6b,jutils.c.obj,448
jpeg-6b,rdbmp.c.obj,1804
jpeg-6b,rdcolmap.c.obj,1188
jpeg-6b,rdgif.c.obj,97
jpeg-6b,rdjpgcom.c.obj,2171
jpeg-6b,rdppm.c.obj,1508
jpeg-6b,rdrle.c.obj,0
jpeg-6b,rdswitch.c.obj,1696
jpeg-6b,rdtarga.c.obj,1692
jpeg-6b,transupp.c.obj,3782
jpeg-6b,wrbmp.c.obj,2520
jpeg-6b,wrgif.c.obj,2590
jpeg-6b,wrjpgcom.c.obj,3089
jpeg-6b,wrppm.c.obj,558
jpeg-6b,wrrle.c.obj,0
jpeg-6b,wrtarga.c.obj,944
zlib-1.1.4,adler32.c.obj,260
zlib-1.1.4,compress.c.obj,138
zlib-1.1.4,crc32.c.obj,1272
zlib-1.1.4,deflate.c.obj,4692
zlib-1.1.4,example.c.obj,3679
zlib-1.1.4,gzio.c.obj,2909
zlib-1.1.4,infblock.c.obj,2594
zlib-1.1.4,infcodes.c.obj,1344
zlib-1.1.4,inffast.c.obj,938
zlib-1.1.4,inflate.c.obj,1487
zlib-1.1.4,inftrees.c.obj,2061
zlib-1.1.4,infutil.c.obj,246
zlib-1.1.4,minigzip.c.obj,1115
zlib-1.1.4,trees.c.obj,7642
zlib-1.1.4,uncompr.c.obj,106
zlib-1.1.4,zutil.c.obj,193
replaypc-0.4.0.preproc,ReplayPC.o,6092
replaypc-0.4.0.preproc,addressbook.o,1183
replaypc-0.4.0.preproc,bigfile.o,681
replaypc-0.4.0.preproc,build-ndx.o,1000
replaypc-0.4.0.preproc,cg.o,3613
replaypc-0.4.0.preproc,channelset.o,385
replaypc-0.4.0.preproc,crypt-test.o,2398
replaypc-0.4.0.preproc,crypt.o,1496
replaypc-0.4.0.preproc,dump-addressbook.o,788
replaypc-0.4.0.preproc,dump-cg2.o,734
replaypc-0.4.0.preproc,dump-channelset.o,624
replaypc-0.4.0.preproc,dump-filedarray.o,824
replaypc-0.4.0.preproc,dump-guide.o,973
replaypc-0.4.0.preproc,dump-headend.o,597
replaypc-0.4.0.preproc,dump-programset.o,1005
replaypc-0.4.0.preproc,dump-replaychannels.o,531
replaypc-0.4.0.preproc,dump-replayshows.o,526
replaypc-0.4.0.preproc,dump-zipcode2.o,526
replaypc-0.4.0.preproc,dump.o,2649
replaypc-0.4.0.preproc,filedarray.o,434
replaypc-0.4.0.preproc,find-GOPs.o,518
replaypc-0.4.0.preproc,guide.o,10278
replaypc-0.4.0.preproc,guideclient.o,1230
replaypc-0.4.0.preproc,headend.o,1386
replaypc-0.4.0.preproc,httpclient.o,4659
replaypc-0.4.0.preproc,httpfs.o,9409
replaypc-0.4.0.preproc,httpfsclient.o,3904
replaypc-0.4.0.preproc,mark-commercial.o,2768
replaypc-0.4.0.preproc,ndx-dump.o,5679
replaypc-0.4.0.preproc,ndx.o,913
replaypc-0.4.0.preproc,program.o,2993
replaypc-0.4.0.preproc,rddns.o,948
replaypc-0.4.0.preproc,rddnsclient.o,1870
replaypc-0.4.0.preproc,rtv.o,1810
replaypc-0.4.0.preproc,rtvguide.o,2019
replaypc-0.4.0.preproc,sleep.o,90
replaypc-0.4.0.preproc,un-protect.o,1654
replaypc-0.4.0.preproc,version-test.o,279
replaypc-0.4.0.preproc,zipcode.o,611
OpenTCP-1.0.4,arp.c.obj,1716
OpenTCP-1.0.4,bootp.c.obj,1008
OpenTCP-1.0.4,dhcpc.c.obj,1908
OpenTCP-1.0.4,dns.c.obj,1076
OpenTCP-1.0.4,ethernet.c.obj,1956
OpenTCP-1.0.4,http_server.c.obj,1276
OpenTCP-1.0.4,https_callbacks.c.obj,632
OpenTCP-1.0.4,icmp.c.obj,280
OpenTCP-1.0.4,ip.c.obj,1310
OpenTCP-1.0.4,main_demo.c.obj,220
OpenTCP-1.0.4,pop3_client.c.obj,2843
OpenTCP-1.0.4,pop3c_callbacks.c.obj,78
OpenTCP-1.0.4,smtp_client.c.obj,1688
OpenTCP-1.0.4,smtpc_callbacks.c.obj,90
OpenTCP-1.0.4,system.c.obj,1004
OpenTCP-1.0.4,tcp.c.obj,4136
OpenTCP-1.0.4,tcp_client_demo.c.obj,312
OpenTCP-1.0.4,tcp_server_demo.c.obj,292
OpenTCP-1.0.4,tftps.c.obj,696
OpenTCP-1.0.4,timers.c.obj,260
OpenTCP-1.0.4,udp.c.obj,1140
OpenTCP-1.0.4,udp_demo.c.obj,236
bzip2-1.0.2,blocksort.c.obj,5271
bzip2-1.0.2,bzip2.c.obj,15093
bzip2-1.0.2,bzip2recover.c.obj,3165
bzip2-1.0.2,bzlib.c.obj,8753
bzip2-1.0.2,compress.c.obj,6267
bzip2-1.0.2,crctable.c.obj,0
bzip2-1.0.2,decompress.c.obj,8099
bzip2-1.0.2,huffman.c.obj,836
bzip2-1.0.2,randtable.c.obj,0
mpeg2dec-0.3.1,alloc.c.obj,108
mpeg2dec-0.3.1,cpu_accel.c.obj,12
mpeg2dec-0.3.1,cpu_state.c.obj,10
mpeg2dec-0.3.1,decode.c.obj,1790
mpeg2dec-0.3.1,extract_mpeg2.c.obj,2628
mpeg2dec-0.3.1,getopt.c.obj,2444
mpeg2dec-0.3.1,gettimeofday.c.obj,0
mpeg2dec-0.3.1,header.c.obj,3168
mpeg2dec-0.3.1,idct.c.obj,1228
mpeg2dec-0.3.1,idct_alpha.c.obj,0
mpeg2dec-0.3.1,idct_altivec.c.obj,0
mpeg2dec-0.3.1,idct_mlib.c.obj,0
mpeg2dec-0.3.1,idct_mmx.c.obj,0
mpeg2dec-0.3.1,motion_comp.c.obj,5570
mpeg2dec-0.3.1,motion_comp_alpha.c.obj,0
mpeg2dec-0.3.1,motion_comp_altivec.c.obj,0
mpeg2dec-0.3.1,motion_comp_mlib.c.obj,0
mpeg2dec-0.3.1,motion_comp_mmx.c.obj,0
mpeg2dec-0.3.1,mpeg2dec.c.obj,3746
mpeg2dec-0.3.1,slice.c.obj,14254
mpeg2dec-0.3.1,video_out.c.obj,74
mpeg2dec-0.3.1,video_out_dx.c.obj,0
mpeg2dec-0.3.1,video_out_null.c.obj,268
mpeg2dec-0.3.1,video_out_pgm.c.obj,483
mpeg2dec-0.3.1,video_out_sdl.c.obj,717
mpeg2dec-0.3.1,video_out_x11.c.obj,0
mpeg2dec-0.3.1,yuv2rgb.c.obj,3756
mpeg2dec-0.3.1,yuv2rgb_mlib.c.obj,0
mpeg2dec-0.3.1,yuv2rgb_mmx.c.obj,0
jikespg-1.3,ctabs.c.obj,43141
jikespg-1.3,globals.c.obj,48
jikespg-1.3,lpgparse.c.obj,37321
jikespg-1.3,lpgutil.c.obj,3841
jikespg-1.3,main.c.obj,5483
jikespg-1.3,mkfirst.c.obj,11540
jikespg-1.3,mkred.c.obj,5580
jikespg-1.3,mkstates.c.obj,2275
jikespg-1.3,partset.c.obj,1254
jikespg-1.3,prntstat.c.obj,2744
jikespg-1.3,produce.c.obj,8659
jikespg-1.3,ptables.c.obj,2645
jikespg-1.3,remsp.c.obj,6086
jikespg-1.3,resolve.c.obj,9774
jikespg-1.3,spacetab.c.obj,15969
jikespg-1.3,tabutil.c.obj,10304
jikespg-1.3,timetab.c.obj,7658
libmspack,cabc.c.obj,22
libmspack,cabd.c.obj,5062
libmspack,cabd_md5.c.obj,1161
libmspack,cabd_test.c.obj,9330
libmspack,cabextract_md5.c.obj,21572
libmspack,cabrip.c.obj,417
libmspack,chmc.c.obj,22
libmspack,chmd.c.obj,3140
libmspack,chmd_md5.c.obj,1022
libmspack,hlpc.c.obj,22
libmspack,hlpd.c.obj,22
libmspack,kwajc.c.obj,22
libmspack,kwajd.c.obj,22
libmspack,litc.c.obj,22
libmspack,litd.c.obj,22
libmspack,lzxc.c.obj,0
libmspack,lzxd.c.obj,5984
libmspack,md5.c.obj,2688
libmspack,mszipc.c.obj,0
libmspack,mszipd.c.obj,42
libmspack,qtmc.c.obj,0
libmspack,qtmd.c.obj,4330
libmspack,system.c.obj,566
libmspack,szddc.c.obj,22
libmspack,szddd.c.obj,22
compiler,cg.c.obj,2439
compiler,main.c.obj,2118
compiler,parser.c.obj,4068
compiler,scanner.c.obj,3111
compiler,vam.c.obj,3402
compiler,vas.c.obj,5738
teem-1.6.0-src,1op.c.obj,1571
teem-1.6.0-src,2op.c.obj,2070
teem-1.6.0-src,3op.c.obj,2180
teem-1.6.0-src,754.c.obj,1551
teem-1.6.0-src,about.c.obj,2718
teem-1.6.0-src,accessors.c.obj,7587
teem-1.6.0-src,aniso.c.obj,3392
teem-1.6.0-src,apply1D.c.obj,7683
teem-1.6.0-src,arith.c.obj,5912
teem-1.6.0-src,array.c.obj,562
teem-1.6.0-src,arraysNrrd.c.obj,0
teem-1.6.0-src,ax.c.obj,2733
teem-1.6.0-src,axdelete.c.obj,1262
teem-1.6.0-src,axinfo.c.obj,1337
teem-1.6.0-src,axinsert.c.obj,1057
teem-1.6.0-src,axis.c.obj,3196
teem-1.6.0-src,axmerge.c.obj,1243
teem-1.6.0-src,axsplit.c.obj,1084
teem-1.6.0-src,bday.c.obj,1018
teem-1.6.0-src,biff.c.obj,2265
teem-1.6.0-src,bimod.c.obj,6307
teem-1.6.0-src,block.c.obj,1042
teem-1.6.0-src,bounds.c.obj,8847
teem-1.6.0-src,bow.c.obj,630
teem-1.6.0-src,cam.c.obj,5365
teem-1.6.0-src,cc.c.obj,10371
teem-1.6.0-src,ccadj.c.obj,1117
teem-1.6.0-src,ccfind.c.obj,1613
teem-1.6.0-src,ccmerge.c.obj,2531
teem-1.6.0-src,ccmethods.c.obj,1104
teem-1.6.0-src,ccsettle.c.obj,946
teem-1.6.0-src,chan.c.obj,8707
teem-1.6.0-src,clip.c.obj,722
teem-1.6.0-src,cmedian.c.obj,2376
teem-1.6.0-src,color.c.obj,8056
teem-1.6.0-src,comment.c.obj,413
teem-1.6.0-src,conv.c.obj,376
teem-1.6.0-src,convert.c.obj,1104
teem-1.6.0-src,convertDye.c.obj,3020
teem-1.6.0-src,convertNrrd.c.obj,4328
teem-1.6.0-src,convo.c.obj,1701
teem-1.6.0-src,coreAlan.c.obj,3705
teem-1.6.0-src,crop.c.obj,1316
teem-1.6.0-src,ctx.c.obj,4374
teem-1.6.0-src,cubicEll.c.obj,2300
teem-1.6.0-src,data.c.obj,1200
teem-1.6.0-src,defaultsBane.c.obj,5
teem-1.6.0-src,defaultsGage.c.obj,5
teem-1.6.0-src,defaultsHest.c.obj,0
teem-1.6.0-src,defaultsHoover.c.obj,7
teem-1.6.0-src,defaultsLimn.c.obj,5
teem-1.6.0-src,defaultsMite.c.obj,5
teem-1.6.0-src,defaultsMoss.c.obj,5
teem-1.6.0-src,defaultsNrrd.c.obj,575
teem-1.6.0-src,defaultsTen.c.obj,16
teem-1.6.0-src,dehex.c.obj,743
teem-1.6.0-src,dhisto.c.obj,1250
teem-1.6.0-src,dice.c.obj,1682
teem-1.6.0-src,dio.c.obj,1890
teem-1.6.0-src,doubleprint.c.obj,618
teem-1.6.0-src,eigen.c.obj,5388
teem-1.6.0-src,encoding.c.obj,666
teem-1.6.0-src,encodingAscii.c.obj,1449
teem-1.6.0-src,encodingBzip2.c.obj,566
teem-1.6.0-src,encodingGzip.c.obj,634
teem-1.6.0-src,encodingHex.c.obj,1512
teem-1.6.0-src,encodingRaw.c.obj,1846
teem-1.6.0-src,endianAir.c.obj,4
teem-1.6.0-src,endianNrrd.c.obj,335
teem-1.6.0-src,enhex.c.obj,685
teem-1.6.0-src,enum.c.obj,740
teem-1.6.0-src,enumsAlan.c.obj,0
teem-1.6.0-src,enumsEcho.c.obj,0
teem-1.6.0-src,enumsNrrd.c.obj,0
teem-1.6.0-src,enumsTen.c.obj,0
teem-1.6.0-src,env.c.obj,1109
teem-1.6.0-src,epireg.c.obj,13320
teem-1.6.0-src,ex0.c.obj,509
teem-1.6.0-src,ex1.c.obj,1151
teem-1.6.0-src,ex2.c.obj,912
teem-1.6.0-src,ex3.c.obj,1434
teem-1.6.0-src,ex4.c.obj,1040
teem-1.6.0-src,ex5.c.obj,745
teem-1.6.0-src,fiber.c.obj,5003
teem-1.6.0-src,fiberMethods.c.obj,2615
teem-1.6.0-src,filt.c.obj,5463
teem-1.6.0-src,filter.c.obj,3172
teem-1.6.0-src,flip.c.obj,770
teem-1.6.0-src,floatprint.c.obj,612
teem-1.6.0-src,flotsam.c.obj,2398
teem-1.6.0-src,format.c.obj,700
teem-1.6.0-src,formatEPS.c.obj,2445
teem-1.6.0-src,formatNRRD.c.obj,3485
teem-1.6.0-src,formatPNG.c.obj,722
teem-1.6.0-src,formatPNM.c.obj,2779
teem-1.6.0-src,formatText.c.obj,2509
teem-1.6.0-src,formatVTK.c.obj,5465
teem-1.6.0-src,fp.c.obj,1597
teem-1.6.0-src,gamma.c.obj,1278
teem-1.6.0-src,genmat.c.obj,3232
teem-1.6.0-src,genvol.c.obj,1679
teem-1.6.0-src,gkmsFlotsam.c.obj,1984
teem-1.6.0-src,gkmsHvol.c.obj,2718
teem-1.6.0-src,gkmsInfo.c.obj,1245
teem-1.6.0-src,gkmsMite.c.obj,1100
teem-1.6.0-src,gkmsOpac.c.obj,3133
teem-1.6.0-src,gkmsPvg.c.obj,2566
teem-1.6.0-src,gkmsScat.c.obj,1456
teem-1.6.0-src,gkmsTxf.c.obj,3136
teem-1.6.0-src,glyph.c.obj,5101
teem-1.6.0-src,gzio.c.obj,0
teem-1.6.0-src,head.c.obj,1334
teem-1.6.0-src,heq.c.obj,1957
teem-1.6.0-src,hestLimn.c.obj,970
teem-1.6.0-src,hestMoss.c.obj,1062
teem-1.6.0-src,hestNrrd.c.obj,1027
teem-1.6.0-src,histax.c.obj,1247
teem-1.6.0-src,histo.c.obj,1430
teem-1.6.0-src,histogram.c.obj,5899
teem-1.6.0-src,hvol.c.obj,6651
teem-1.6.0-src,imap.c.obj,2338
teem-1.6.0-src,inc.c.obj,3385
teem-1.6.0-src,inset.c.obj,1273
teem-1.6.0-src,intx.c.obj,15130
teem-1.6.0-src,invert.c.obj,629
teem-1.6.0-src,io.c.obj,849
teem-1.6.0-src,iter.c.obj,647
teem-1.6.0-src,jhisto.c.obj,2509
teem-1.6.0-src,join.c.obj,1388
teem-1.6.0-src,kernel.c.obj,25459
teem-1.6.0-src,keyvalue.c.obj,773
teem-1.6.0-src,kv.c.obj,351
teem-1.6.0-src,light.c.obj,440
teem-1.6.0-src,lightEcho.c.obj,841
teem-1.6.0-src,list.c.obj,1538
teem-1.6.0-src,lut.c.obj,1993
teem-1.6.0-src,make.c.obj,6233
teem-1.6.0-src,map.c.obj,332
teem-1.6.0-src,mat.c.obj,22930
teem-1.6.0-src,matter.c.obj,404
teem-1.6.0-src,measr.c.obj,306
teem-1.6.0-src,measure.c.obj,9895
teem-1.6.0-src,methodsAlan.c.obj,2155
teem-1.6.0-src,methodsBane.c.obj,611
teem-1.6.0-src,methodsDye.c.obj,1138
teem-1.6.0-src,methodsEcho.c.obj,541
teem-1.6.0-src,methodsHest.c.obj,2170
teem-1.6.0-src,methodsHoover.c.obj,1596
teem-1.6.0-src,methodsLimn.c.obj,286
teem-1.6.0-src,methodsMoss.c.obj,1016
teem-1.6.0-src,methodsNrrd.c.obj,3857
teem-1.6.0-src,minmax.c.obj,292
teem-1.6.0-src,miscAir.c.obj,4248
teem-1.6.0-src,miscEll.c.obj,1255
teem-1.6.0-src,miscGage.c.obj,599
teem-1.6.0-src,miscTen.c.obj,3394
teem-1.6.0-src,mod.c.obj,2927
teem-1.6.0-src,model.c.obj,1324
teem-1.6.0-src,mop.c.obj,1081
teem-1.6.0-src,obj.c.obj,784
teem-1.6.0-src,objmethods.c.obj,976
teem-1.6.0-src,opac.c.obj,450
teem-1.6.0-src,pad.c.obj,1668
teem-1.6.0-src,parseAir.c.obj,1372
teem-1.6.0-src,parseHest.c.obj,11271
teem-1.6.0-src,parseNrrd.c.obj,5963
teem-1.6.0-src,permute.c.obj,961
teem-1.6.0-src,pos.c.obj,533
teem-1.6.0-src,print.c.obj,5953
teem-1.6.0-src,project.c.obj,1797
teem-1.6.0-src,pvl.c.obj,1360
teem-1.6.0-src,qn.c.obj,2705
teem-1.6.0-src,quadvol.c.obj,1689
teem-1.6.0-src,quantize.c.obj,1558
teem-1.6.0-src,quat.c.obj,15370
teem-1.6.0-src,range.c.obj,688
teem-1.6.0-src,rangeBane.c.obj,1116
teem-1.6.0-src,ray.c.obj,4608
teem-1.6.0-src,rays.c.obj,4115
teem-1.6.0-src,read.c.obj,2604
teem-1.6.0-src,renderEcho.c.obj,5095
teem-1.6.0-src,renderLimn.c.obj,3097
teem-1.6.0-src,renderMite.c.obj,1089
teem-1.6.0-src,reorder.c.obj,8052
teem-1.6.0-src,resample.c.obj,3298
teem-1.6.0-src,resampleNrrd.c.obj,6005
teem-1.6.0-src,reshape.c.obj,938
teem-1.6.0-src,rmap.c.obj,2433
teem-1.6.0-src,sampler.c.obj,2274
teem-1.6.0-src,sane.c.obj,3031
teem-1.6.0-src,save.c.obj,2720
teem-1.6.0-src,scat.c.obj,665
teem-1.6.0-src,scl.c.obj,0
teem-1.6.0-src,sclanswer.c.obj,6445
teem-1.6.0-src,sclfilter.c.obj,6633
teem-1.6.0-src,sclprint.c.obj,1017
teem-1.6.0-src,set.c.obj,1188
teem-1.6.0-src,shape.c.obj,3369
teem-1.6.0-src,shapes.c.obj,4256
teem-1.6.0-src,shuffle.c.obj,1524
teem-1.6.0-src,sigma.c.obj,149
teem-1.6.0-src,simple.c.obj,4201
teem-1.6.0-src,slice.c.obj,1193
teem-1.6.0-src,soid.c.obj,3381
teem-1.6.0-src,sort3.c.obj,726
teem-1.6.0-src,splice.c.obj,1317
teem-1.6.0-src,splineEval.c.obj,7229
teem-1.6.0-src,splineMethods.c.obj,4400
teem-1.6.0-src,splineMisc.c.obj,2265
teem-1.6.0-src,sqd.c.obj,8525
teem-1.6.0-src,st.c.obj,2851
teem-1.6.0-src,string.c.obj,1044
teem-1.6.0-src,strings.c.obj,1123
teem-1.6.0-src,stub.c.obj,116
teem-1.6.0-src,subset.c.obj,2335
teem-1.6.0-src,superset.c.obj,4115
teem-1.6.0-src,swap.c.obj,781
teem-1.6.0-src,tbc.c.obj,1648
teem-1.6.0-src,tblah.c.obj,1125
teem-1.6.0-src,tcam.c.obj,1224
teem-1.6.0-src,tcamanim.c.obj,3211
teem-1.6.0-src,tem.c.obj,1036
teem-1.6.0-src,tenGage.c.obj,2709
teem-1.6.0-src,tendAnhist.c.obj,1107
teem-1.6.0-src,tendAnplot.c.obj,1593
teem-1.6.0-src,tendAnscale.c.obj,1331
teem-1.6.0-src,tendAnvol.c.obj,1445
teem-1.6.0-src,tendBmat.c.obj,1281
teem-1.6.0-src,tendEllipse.c.obj,2573
teem-1.6.0-src,tendEpireg.c.obj,4444
teem-1.6.0-src,tendEstim.c.obj,3717
teem-1.6.0-src,tendEval.c.obj,1560
teem-1.6.0-src,tendEvaladd.c.obj,936
teem-1.6.0-src,tendEvalclamp.c.obj,1220
teem-1.6.0-src,tendEvalpow.c.obj,847
teem-1.6.0-src,tendEvec.c.obj,1582
teem-1.6.0-src,tendEvecrgb.c.obj,1843
teem-1.6.0-src,tendEvq.c.obj,2133
teem-1.6.0-src,tendExpand.c.obj,1388
teem-1.6.0-src,tendFiber.c.obj,2484
teem-1.6.0-src,tendFlotsam.c.obj,1166
teem-1.6.0-src,tendGlyph.c.obj,6572
teem-1.6.0-src,tendMake.c.obj,909
teem-1.6.0-src,tendNorm.c.obj,1237
teem-1.6.0-src,tendPoint.c.obj,1700
teem-1.6.0-src,tendSatin.c.obj,5484
teem-1.6.0-src,tendShrink.c.obj,896
teem-1.6.0-src,tendSim.c.obj,1304
teem-1.6.0-src,tendSlice.c.obj,953
teem-1.6.0-src,tendSten.c.obj,1286
teem-1.6.0-src,tensor.c.obj,6507
teem-1.6.0-src,test.c.obj,902
teem-1.6.0-src,tg.c.obj,2639
teem-1.6.0-src,thread.c.obj,290
teem-1.6.0-src,threadAir.c.obj,1078
teem-1.6.0-src,tinfo.c.obj,513
teem-1.6.0-src,tkernel.c.obj,1971
teem-1.6.0-src,tline.c.obj,417
teem-1.6.0-src,tmfKernel.c.obj,193553
teem-1.6.0-src,tmop.c.obj,591
teem-1.6.0-src,tok.c.obj,274
teem-1.6.0-src,tps.c.obj,2436
teem-1.6.0-src,tq.c.obj,4159
teem-1.6.0-src,trand.c.obj,173
teem-1.6.0-src,transform.c.obj,2697
teem-1.6.0-src,tread.c.obj,280
teem-1.6.0-src,trend.c.obj,7425
teem-1.6.0-src,trex.c.obj,330
teem-1.6.0-src,trnsf.c.obj,4278
teem-1.6.0-src,tspline.c.obj,1964
teem-1.6.0-src,tspot.c.obj,931
teem-1.6.0-src,tt.c.obj,3062
teem-1.6.0-src,txf.c.obj,3355
teem-1.6.0-src,typestest.c.obj,408
teem-1.6.0-src,unblock.c.obj,1062
teem-1.6.0-src,unquantize.c.obj,1115
teem-1.6.0-src,update.c.obj,4566
teem-1.6.0-src,usage.c.obj,2611
teem-1.6.0-src,user.c.obj,843
teem-1.6.0-src,valid.c.obj,2410
teem-1.6.0-src,vecEll.c.obj,1768
teem-1.6.0-src,vecGage.c.obj,2577
teem-1.6.0-src,vecprint.c.obj,60
teem-1.6.0-src,winKernel.c.obj,21552
teem-1.6.0-src,write.c.obj,4043
teem-1.6.0-src,xform.c.obj,3266
ttt-0.10.1.preproc,connect4.o,7569
ttt-0.10.1.preproc,engine.o,3992
ttt-0.10.1.preproc,main.o,1907
ttt-0.10.1.preproc,parse.o,2646
ttt-0.10.1.preproc,ttt.o,10373
ttt-0.10.1.preproc,util.o,2501
unrarlib-0.4.0,getfile.c.obj,766
unrarlib-0.4.0,listarchive.c.obj,974
unrarlib-0.4.0,unrarlib.c.obj,10126
libpng-1.2.5,png.c.obj,2457
libpng-1.2.5,png2pnm.c.obj,2329
libpng-1.2.5,pngerror.c.obj,793
libpng-1.2.5,pngget.c.obj,2438
libpng-1.2.5,pngmem.c.obj,469
libpng-1.2.5,pngpread.c.obj,5919
libpng-1.2.5,pngread.c.obj,7114
libpng-1.2.5,pngrio.c.obj,297
libpng-1.2.5,pngrtran.c.obj,15916
libpng-1.2.5,pngrutil.c.obj,13812
libpng-1.2.5,pngset.c.obj,5867
libpng-1.2.5,pngtest.c.obj,5394
libpng-1.2.5,pngtrans.c.obj,1888
libpng-1.2.5,pngwio.c.obj,341
libpng-1.2.5,pngwrite.c.obj,5615
libpng-1.2.5,pngwtran.c.obj,1380
libpng-1.2.5,pngwutil.c.obj,11289
libpng-1.2.5,pnm2png.c.obj,2581
flex-2.5.31,buf.c.obj,845
flex-2.5.31,ccl.c.obj,996
flex-2.5.31,dfa.c.obj,5794
flex-2.5.31,ecs.c.obj,484
flex-2.5.31,filter.c.obj,1849
flex-2.5.31,gen.c.obj,20962
flex-2.5.31,libmain.c.obj,24
flex-2.5.31,libyywrap.c.obj,12
flex-2.5.31,main.c.obj,16998
flex-2.5.31,misc.c.obj,4954
flex-2.5.31,nfa.c.obj,3200
flex-2.5.31,options.c.obj,1230
flex-2.5.31,parse.c.obj,8514
flex-2.5.31,regex.c.obj,515
flex-2.5.31,scan.c.obj,37228
flex-2.5.31,scanopt.c.obj,2780
flex-2.5.31,skel.c.obj,79802
flex-2.5.31,sym.c.obj,827
flex-2.5.31,tables.c.obj,1669
flex-2.5.31,tables_shared.c.obj,34
flex-2.5.31,tblcmp.c.obj,2932
flex-2.5.31,yylex.c.obj,820
cg_compiler_opensrc,atom.c.obj,3126
cg_compiler_opensrc,binding.c.obj,1343
cg_compiler_opensrc,cgcmain.c.obj,2114
cg_compiler_opensrc,cgstruct.c.obj,96
cg_compiler_opensrc,check.c.obj,2879
cg_compiler_opensrc,compile.c.obj,10899
cg_compiler_opensrc,constfold.c.obj,3074
cg_compiler_opensrc,cpp.c.obj,5390
cg_compiler_opensrc,generic_hal.c.obj,1493
cg_compiler_opensrc,hal.c.obj,2243
cg_compiler_opensrc,inline.c.obj,2320
cg_compiler_opensrc,memory.c.obj,456
cg_compiler_opensrc,parser.c.obj,12447
cg_compiler_opensrc,printutils.c.obj,8559
cg_compiler_opensrc,scanner.c.obj,5387
cg_compiler_opensrc,semantic.c.obj,3578
cg_compiler_opensrc,stdlib.c.obj,10
cg_compiler_opensrc,support.c.obj,20051
cg_compiler_opensrc,support_iter.c.obj,1652
cg_compiler_opensrc,symbols.c.obj,5693
cg_compiler_opensrc,tokenize.c.obj,652
cg_compiler_opensrc,tokens.c.obj,2534
lwip-0.5.3.preproc,api_lib.o,5147
lwip-0.5.3.preproc,api_msg.o,4332
lwip-0.5.3.preproc,arp.o,2424
lwip-0.5.3.preproc,err.o,0
lwip-0.5.3.preproc,fs.o,40271
lwip-0.5.3.preproc,httpd.o,1614
lwip-0.5.3.preproc,icmp.o,1693
lwip-0.5.3.preproc,inet.o,946
lwip-0.5.3.preproc,ip.o,2968
lwip-0.5.3.preproc,ip_addr.o,0
lwip-0.5.3.preproc,loopif.o,313
lwip-0.5.3.preproc,mem.o,2133
lwip-0.5.3.preproc,memp.o,2054
lwip-0.5.3.preproc,netif.o,798
lwip-0.5.3.preproc,pbuf.o,3367
lwip-0.5.3.preproc,shell.o,12497
lwip-0.5.3.preproc,simhost.o,722
lwip-0.5.3.preproc,simnode.o,659
lwip-0.5.3.preproc,simrouter.o,844
lwip-0.5.3.preproc,sockets.o,2686
lwip-0.5.3.preproc,stats.o,78
lwip-0.5.3.preproc,sys.o,1044
lwip-0.5.3.preproc,tcp.o,6733
lwip-0.5.3.preproc,tcp_input.o,10939
lwip-0.5.3.preproc,tcp_output.o,5832
lwip-0.5.3.preproc,tcpdump.o,1993
lwip-0.5.3.preproc,tcpecho.o,332
lwip-0.5.3.preproc,tcpip.o,706
lwip-0.5.3.preproc,udp.o,2607
lwip-0.5.3.preproc,udpecho.o,394
