Compiler version,clang version 5.0.0 (trunk 299127)
Compiler flags,--target=arm-none-eabi -Oz -mcpu=cortex-m4 -mthumb

Date,2017-03-30
Revision,299127

mpgcut-1.1,mpgcut.c.obj,7879
jpeg-6b,ansi2knr.c.obj,2169
jpeg-6b,cdjpeg.c.obj,128
jpeg-6b,cjpeg.c.obj,4931
jpeg-6b,ckconfig.c.obj,2156
jpeg-6b,djpeg.c.obj,5338
jpeg-6b,jcapimin.c.obj,724
jpeg-6b,jcapistd.c.obj,412
jpeg-6b,jccoefct.c.obj,1462
jpeg-6b,jccolor.c.obj,1274
jpeg-6b,jcdctmgr.c.obj,1276
jpeg-6b,jchuff.c.obj,2840
jpeg-6b,jcinit.c.obj,156
jpeg-6b,jcmainct.c.obj,356
jpeg-6b,jcmarker.c.obj,1660
jpeg-6b,jcmaster.c.obj,2206
jpeg-6b,jcomapi.c.obj,152
jpeg-6b,jcparam.c.obj,2642
jpeg-6b,jcphuff.c.obj,2340
jpeg-6b,jcprepct.c.obj,1134
jpeg-6b,jcsample.c.obj,1818
jpeg-6b,jctrans.c.obj,1120
jpeg-6b,jdapimin.c.obj,860
jpeg-6b,jdapistd.c.obj,782
jpeg-6b,jdatadst.c.obj,274
jpeg-6b,jdatasrc.c.obj,290
jpeg-6b,jdcoefct.c.obj,2676
jpeg-6b,jdcolor.c.obj,1086
jpeg-6b,jddctmgr.c.obj,744
jpeg-6b,jdhuff.c.obj,2148
jpeg-6b,jdinput.c.obj,1068
jpeg-6b,jdmainct.c.obj,1336
jpeg-6b,jdmarker.c.obj,5152
jpeg-6b,jdmaster.c.obj,1404
jpeg-6b,jdmerge.c.obj,1362
jpeg-6b,jdphuff.c.obj,2464
jpeg-6b,jdpostct.c.obj,726
jpeg-6b,jdsample.c.obj,1464
jpeg-6b,jdtrans.c.obj,272
jpeg-6b,jerror.c.obj,5480
jpeg-6b,jfdctflt.c.obj,464
jpeg-6b,jfdctfst.c.obj,444
jpeg-6b,jfdctint.c.obj,644
jpeg-6b,jidctflt.c.obj,876
jpeg-6b,jidctfst.c.obj,912
jpeg-6b,jidctint.c.obj,1130
jpeg-6b,jidctred.c.obj,1176
jpeg-6b,jmemmgr.c.obj,2692
jpeg-6b,jmemnobs.c.obj,108
jpeg-6b,jpegtran.c.obj,3272
jpeg-6b,jquant1.c.obj,2368
jpeg-6b,jquant2.c.obj,3220
jpeg-6b,jutils.c.obj,448
jpeg-6b,rdbmp.c.obj,1720
jpeg-6b,rdcolmap.c.obj,830
jpeg-6b,rdgif.c.obj,92
jpeg-6b,rdjpgcom.c.obj,1926
jpeg-6b,rdppm.c.obj,1368
jpeg-6b,rdrle.c.obj,0
jpeg-6b,rdswitch.c.obj,1627
jpeg-6b,rdtarga.c.obj,1534
jpeg-6b,transupp.c.obj,3784
jpeg-6b,wrbmp.c.obj,1524
jpeg-6b,wrgif.c.obj,1090
jpeg-6b,wrjpgcom.c.obj,2469
jpeg-6b,wrppm.c.obj,552
jpeg-6b,wrrle.c.obj,0
jpeg-6b,wrtarga.c.obj,724
zlib-1.1.4,adler32.c.obj,260
zlib-1.1.4,compress.c.obj,136
zlib-1.1.4,crc32.c.obj,1272
zlib-1.1.4,deflate.c.obj,4672
zlib-1.1.4,example.c.obj,3581
zlib-1.1.4,gzio.c.obj,2902
zlib-1.1.4,infblock.c.obj,2612
zlib-1.1.4,infcodes.c.obj,1342
zlib-1.1.4,inffast.c.obj,932
zlib-1.1.4,inflate.c.obj,1472
zlib-1.1.4,inftrees.c.obj,2049
zlib-1.1.4,infutil.c.obj,246
zlib-1.1.4,minigzip.c.obj,1081
zlib-1.1.4,trees.c.obj,7642
zlib-1.1.4,uncompr.c.obj,104
zlib-1.1.4,zutil.c.obj,191
replaypc-0.4.0.preproc,ReplayPC.o,6092
replaypc-0.4.0.preproc,addressbook.o,1183
replaypc-0.4.0.preproc,bigfile.o,681
replaypc-0.4.0.preproc,build-ndx.o,1000
replaypc-0.4.0.preproc,cg.o,3613
replaypc-0.4.0.preproc,channelset.o,385
replaypc-0.4.0.preproc,crypt-test.o,2398
replaypc-0.4.0.preproc,crypt.o,1496
replaypc-0.4.0.preproc,dump-addressbook.o,788
replaypc-0.4.0.preproc,dump-cg2.o,734
replaypc-0.4.0.preproc,dump-channelset.o,624
replaypc-0.4.0.preproc,dump-filedarray.o,824
replaypc-0.4.0.preproc,dump-guide.o,973
replaypc-0.4.0.preproc,dump-headend.o,597
replaypc-0.4.0.preproc,dump-programset.o,1005
replaypc-0.4.0.preproc,dump-replaychannels.o,531
replaypc-0.4.0.preproc,dump-replayshows.o,526
replaypc-0.4.0.preproc,dump-zipcode2.o,526
replaypc-0.4.0.preproc,dump.o,2649
replaypc-0.4.0.preproc,filedarray.o,434
replaypc-0.4.0.preproc,find-GOPs.o,518
replaypc-0.4.0.preproc,guide.o,10278
replaypc-0.4.0.preproc,guideclient.o,1230
replaypc-0.4.0.preproc,headend.o,1386
replaypc-0.4.0.preproc,httpclient.o,4659
replaypc-0.4.0.preproc,httpfs.o,9409
replaypc-0.4.0.preproc,httpfsclient.o,3904
replaypc-0.4.0.preproc,mark-commercial.o,2768
replaypc-0.4.0.preproc,ndx-dump.o,5679
replaypc-0.4.0.preproc,ndx.o,913
replaypc-0.4.0.preproc,program.o,2993
replaypc-0.4.0.preproc,rddns.o,948
replaypc-0.4.0.preproc,rddnsclient.o,1870
replaypc-0.4.0.preproc,rtv.o,1810
replaypc-0.4.0.preproc,rtvguide.o,2019
replaypc-0.4.0.preproc,sleep.o,90
replaypc-0.4.0.preproc,un-protect.o,1654
replaypc-0.4.0.preproc,version-test.o,279
replaypc-0.4.0.preproc,zipcode.o,611
OpenTCP-1.0.4,arp.c.obj,1716
OpenTCP-1.0.4,bootp.c.obj,1008
OpenTCP-1.0.4,dhcpc.c.obj,1900
OpenTCP-1.0.4,dns.c.obj,1080
OpenTCP-1.0.4,ethernet.c.obj,1956
OpenTCP-1.0.4,http_server.c.obj,1276
OpenTCP-1.0.4,https_callbacks.c.obj,632
OpenTCP-1.0.4,icmp.c.obj,280
OpenTCP-1.0.4,ip.c.obj,1310
OpenTCP-1.0.4,main_demo.c.obj,232
OpenTCP-1.0.4,pop3_client.c.obj,2840
OpenTCP-1.0.4,pop3c_callbacks.c.obj,78
OpenTCP-1.0.4,smtp_client.c.obj,1688
OpenTCP-1.0.4,smtpc_callbacks.c.obj,90
OpenTCP-1.0.4,system.c.obj,1008
OpenTCP-1.0.4,tcp.c.obj,4140
OpenTCP-1.0.4,tcp_client_demo.c.obj,316
OpenTCP-1.0.4,tcp_server_demo.c.obj,292
OpenTCP-1.0.4,tftps.c.obj,696
OpenTCP-1.0.4,timers.c.obj,256
OpenTCP-1.0.4,udp.c.obj,1132
OpenTCP-1.0.4,udp_demo.c.obj,236
bzip2-1.0.2,blocksort.c.obj,5408
bzip2-1.0.2,bzip2.c.obj,14980
bzip2-1.0.2,bzip2recover.c.obj,2958
bzip2-1.0.2,bzlib.c.obj,8800
bzip2-1.0.2,compress.c.obj,6221
bzip2-1.0.2,crctable.c.obj,0
bzip2-1.0.2,decompress.c.obj,8160
bzip2-1.0.2,huffman.c.obj,836
bzip2-1.0.2,randtable.c.obj,0
mpeg2dec-0.3.1,alloc.c.obj,108
mpeg2dec-0.3.1,cpu_accel.c.obj,12
mpeg2dec-0.3.1,cpu_state.c.obj,10
mpeg2dec-0.3.1,decode.c.obj,1810
mpeg2dec-0.3.1,extract_mpeg2.c.obj,2598
mpeg2dec-0.3.1,getopt.c.obj,0
mpeg2dec-0.3.1,gettimeofday.c.obj,0
mpeg2dec-0.3.1,header.c.obj,3152
mpeg2dec-0.3.1,idct.c.obj,1264
mpeg2dec-0.3.1,idct_alpha.c.obj,0
mpeg2dec-0.3.1,idct_altivec.c.obj,0
mpeg2dec-0.3.1,idct_mlib.c.obj,0
mpeg2dec-0.3.1,idct_mmx.c.obj,0
mpeg2dec-0.3.1,motion_comp.c.obj,5570
mpeg2dec-0.3.1,motion_comp_alpha.c.obj,0
mpeg2dec-0.3.1,motion_comp_altivec.c.obj,0
mpeg2dec-0.3.1,motion_comp_mlib.c.obj,0
mpeg2dec-0.3.1,motion_comp_mmx.c.obj,0
mpeg2dec-0.3.1,mpeg2dec.c.obj,3697
mpeg2dec-0.3.1,slice.c.obj,14198
mpeg2dec-0.3.1,video_out.c.obj,74
mpeg2dec-0.3.1,video_out_dx.c.obj,0
mpeg2dec-0.3.1,video_out_null.c.obj,268
mpeg2dec-0.3.1,video_out_pgm.c.obj,470
mpeg2dec-0.3.1,video_out_sdl.c.obj,695
mpeg2dec-0.3.1,video_out_x11.c.obj,0
mpeg2dec-0.3.1,yuv2rgb.c.obj,3756
mpeg2dec-0.3.1,yuv2rgb_mlib.c.obj,0
mpeg2dec-0.3.1,yuv2rgb_mmx.c.obj,0
jikespg-1.3,ctabs.c.obj,43236
jikespg-1.3,globals.c.obj,48
jikespg-1.3,lpgparse.c.obj,36961
jikespg-1.3,lpgutil.c.obj,3859
jikespg-1.3,main.c.obj,5465
jikespg-1.3,mkfirst.c.obj,11637
jikespg-1.3,mkred.c.obj,5590
jikespg-1.3,mkstates.c.obj,2271
jikespg-1.3,partset.c.obj,1248
jikespg-1.3,prntstat.c.obj,2708
jikespg-1.3,produce.c.obj,8661
jikespg-1.3,ptables.c.obj,2631
jikespg-1.3,remsp.c.obj,6077
jikespg-1.3,resolve.c.obj,9765
jikespg-1.3,spacetab.c.obj,16247
jikespg-1.3,tabutil.c.obj,10280
jikespg-1.3,timetab.c.obj,7738
libmspack,cabc.c.obj,22
libmspack,cabd.c.obj,5308
libmspack,cabd_md5.c.obj,1138
libmspack,cabd_test.c.obj,9219
libmspack,cabextract_md5.c.obj,21740
libmspack,cabrip.c.obj,422
libmspack,chmc.c.obj,22
libmspack,chmd.c.obj,3647
libmspack,chmd_md5.c.obj,1017
libmspack,hlpc.c.obj,22
libmspack,hlpd.c.obj,22
libmspack,kwajc.c.obj,22
libmspack,kwajd.c.obj,22
libmspack,litc.c.obj,22
libmspack,litd.c.obj,22
libmspack,lzxc.c.obj,0
libmspack,lzxd.c.obj,6266
libmspack,md5.c.obj,2692
libmspack,mszipc.c.obj,0
libmspack,mszipd.c.obj,42
libmspack,qtmc.c.obj,0
libmspack,qtmd.c.obj,4456
libmspack,system.c.obj,581
libmspack,szddc.c.obj,22
libmspack,szddd.c.obj,22
compiler,cg.c.obj,2271
compiler,main.c.obj,2060
compiler,parser.c.obj,4048
compiler,scanner.c.obj,2965
compiler,vam.c.obj,3308
compiler,vas.c.obj,5322
teem-1.6.0-src,1op.c.obj,1525
teem-1.6.0-src,2op.c.obj,2032
teem-1.6.0-src,3op.c.obj,2131
teem-1.6.0-src,754.c.obj,1524
teem-1.6.0-src,about.c.obj,2689
teem-1.6.0-src,accessors.c.obj,7581
teem-1.6.0-src,aniso.c.obj,3377
teem-1.6.0-src,apply1D.c.obj,7640
teem-1.6.0-src,arith.c.obj,5888
teem-1.6.0-src,array.c.obj,562
teem-1.6.0-src,arraysNrrd.c.obj,0
teem-1.6.0-src,ax.c.obj,2739
teem-1.6.0-src,axdelete.c.obj,1221
teem-1.6.0-src,axinfo.c.obj,1277
teem-1.6.0-src,axinsert.c.obj,988
teem-1.6.0-src,axis.c.obj,3196
teem-1.6.0-src,axmerge.c.obj,1213
teem-1.6.0-src,axsplit.c.obj,1024
teem-1.6.0-src,bday.c.obj,984
teem-1.6.0-src,biff.c.obj,2193
teem-1.6.0-src,bimod.c.obj,6261
teem-1.6.0-src,block.c.obj,1001
teem-1.6.0-src,bounds.c.obj,9720
teem-1.6.0-src,bow.c.obj,604
teem-1.6.0-src,cam.c.obj,5375
teem-1.6.0-src,cc.c.obj,10388
teem-1.6.0-src,ccadj.c.obj,1071
teem-1.6.0-src,ccfind.c.obj,1562
teem-1.6.0-src,ccmerge.c.obj,2435
teem-1.6.0-src,ccmethods.c.obj,1088
teem-1.6.0-src,ccsettle.c.obj,902
teem-1.6.0-src,chan.c.obj,8638
teem-1.6.0-src,clip.c.obj,701
teem-1.6.0-src,cmedian.c.obj,2316
teem-1.6.0-src,color.c.obj,8058
teem-1.6.0-src,comment.c.obj,420
teem-1.6.0-src,conv.c.obj,356
teem-1.6.0-src,convert.c.obj,1055
teem-1.6.0-src,convertDye.c.obj,3024
teem-1.6.0-src,convertNrrd.c.obj,4328
teem-1.6.0-src,convo.c.obj,1665
teem-1.6.0-src,coreAlan.c.obj,3691
teem-1.6.0-src,crop.c.obj,1258
teem-1.6.0-src,ctx.c.obj,4356
teem-1.6.0-src,cubicEll.c.obj,2288
teem-1.6.0-src,data.c.obj,1178
teem-1.6.0-src,defaultsBane.c.obj,5
teem-1.6.0-src,defaultsGage.c.obj,5
teem-1.6.0-src,defaultsHest.c.obj,0
teem-1.6.0-src,defaultsHoover.c.obj,7
teem-1.6.0-src,defaultsLimn.c.obj,5
teem-1.6.0-src,defaultsMite.c.obj,5
teem-1.6.0-src,defaultsMoss.c.obj,5
teem-1.6.0-src,defaultsNrrd.c.obj,555
teem-1.6.0-src,defaultsTen.c.obj,16
teem-1.6.0-src,dehex.c.obj,707
teem-1.6.0-src,dhisto.c.obj,1194
teem-1.6.0-src,dice.c.obj,1621
teem-1.6.0-src,dio.c.obj,1890
teem-1.6.0-src,doubleprint.c.obj,594
teem-1.6.0-src,eigen.c.obj,5388
teem-1.6.0-src,encoding.c.obj,656
teem-1.6.0-src,encodingAscii.c.obj,1423
teem-1.6.0-src,encodingBzip2.c.obj,561
teem-1.6.0-src,encodingGzip.c.obj,622
teem-1.6.0-src,encodingHex.c.obj,1509
teem-1.6.0-src,encodingRaw.c.obj,1813
teem-1.6.0-src,endianAir.c.obj,4
teem-1.6.0-src,endianNrrd.c.obj,332
teem-1.6.0-src,enhex.c.obj,655
teem-1.6.0-src,enum.c.obj,736
teem-1.6.0-src,enumsAlan.c.obj,0
teem-1.6.0-src,enumsEcho.c.obj,0
teem-1.6.0-src,enumsNrrd.c.obj,0
teem-1.6.0-src,enumsTen.c.obj,0
teem-1.6.0-src,env.c.obj,1088
teem-1.6.0-src,epireg.c.obj,13182
teem-1.6.0-src,ex0.c.obj,504
teem-1.6.0-src,ex1.c.obj,1116
teem-1.6.0-src,ex2.c.obj,857
teem-1.6.0-src,ex3.c.obj,1369
teem-1.6.0-src,ex4.c.obj,971
teem-1.6.0-src,ex5.c.obj,678
teem-1.6.0-src,fiber.c.obj,4917
teem-1.6.0-src,fiberMethods.c.obj,2570
teem-1.6.0-src,filt.c.obj,5448
teem-1.6.0-src,filter.c.obj,3122
teem-1.6.0-src,flip.c.obj,719
teem-1.6.0-src,floatprint.c.obj,594
teem-1.6.0-src,flotsam.c.obj,2342
teem-1.6.0-src,format.c.obj,680
teem-1.6.0-src,formatEPS.c.obj,2414
teem-1.6.0-src,formatNRRD.c.obj,3413
teem-1.6.0-src,formatPNG.c.obj,707
teem-1.6.0-src,formatPNM.c.obj,2849
teem-1.6.0-src,formatText.c.obj,2497
teem-1.6.0-src,formatVTK.c.obj,5414
teem-1.6.0-src,fp.c.obj,1559
teem-1.6.0-src,gamma.c.obj,1219
teem-1.6.0-src,genmat.c.obj,3189
teem-1.6.0-src,genvol.c.obj,1637
teem-1.6.0-src,gkmsFlotsam.c.obj,1944
teem-1.6.0-src,gkmsHvol.c.obj,2645
teem-1.6.0-src,gkmsInfo.c.obj,1210
teem-1.6.0-src,gkmsMite.c.obj,1059
teem-1.6.0-src,gkmsOpac.c.obj,3013
teem-1.6.0-src,gkmsPvg.c.obj,2527
teem-1.6.0-src,gkmsScat.c.obj,1421
teem-1.6.0-src,gkmsTxf.c.obj,3078
teem-1.6.0-src,glyph.c.obj,5112
teem-1.6.0-src,gzio.c.obj,0
teem-1.6.0-src,head.c.obj,1265
teem-1.6.0-src,heq.c.obj,1900
teem-1.6.0-src,hestLimn.c.obj,909
teem-1.6.0-src,hestMoss.c.obj,1037
teem-1.6.0-src,hestNrrd.c.obj,986
teem-1.6.0-src,histax.c.obj,1170
teem-1.6.0-src,histo.c.obj,1365
teem-1.6.0-src,histogram.c.obj,5875
teem-1.6.0-src,hvol.c.obj,6621
teem-1.6.0-src,imap.c.obj,2264
teem-1.6.0-src,inc.c.obj,3310
teem-1.6.0-src,inset.c.obj,1222
teem-1.6.0-src,intx.c.obj,15103
teem-1.6.0-src,invert.c.obj,603
teem-1.6.0-src,io.c.obj,824
teem-1.6.0-src,iter.c.obj,644
teem-1.6.0-src,jhisto.c.obj,2429
teem-1.6.0-src,join.c.obj,1348
teem-1.6.0-src,kernel.c.obj,25355
teem-1.6.0-src,keyvalue.c.obj,764
teem-1.6.0-src,kv.c.obj,340
teem-1.6.0-src,light.c.obj,424
teem-1.6.0-src,lightEcho.c.obj,832
teem-1.6.0-src,list.c.obj,1530
teem-1.6.0-src,lut.c.obj,1926
teem-1.6.0-src,make.c.obj,6183
teem-1.6.0-src,map.c.obj,316
teem-1.6.0-src,mat.c.obj,22930
teem-1.6.0-src,matter.c.obj,404
teem-1.6.0-src,measr.c.obj,296
teem-1.6.0-src,measure.c.obj,9867
teem-1.6.0-src,methodsAlan.c.obj,2168
teem-1.6.0-src,methodsBane.c.obj,604
teem-1.6.0-src,methodsDye.c.obj,1160
teem-1.6.0-src,methodsEcho.c.obj,541
teem-1.6.0-src,methodsHest.c.obj,2137
teem-1.6.0-src,methodsHoover.c.obj,1596
teem-1.6.0-src,methodsLimn.c.obj,286
teem-1.6.0-src,methodsMoss.c.obj,1000
teem-1.6.0-src,methodsNrrd.c.obj,3850
teem-1.6.0-src,minmax.c.obj,288
teem-1.6.0-src,miscAir.c.obj,4224
teem-1.6.0-src,miscEll.c.obj,1255
teem-1.6.0-src,miscGage.c.obj,592
teem-1.6.0-src,miscTen.c.obj,3354
teem-1.6.0-src,mod.c.obj,2927
teem-1.6.0-src,model.c.obj,1324
teem-1.6.0-src,mop.c.obj,1077
teem-1.6.0-src,obj.c.obj,784
teem-1.6.0-src,objmethods.c.obj,976
teem-1.6.0-src,opac.c.obj,428
teem-1.6.0-src,pad.c.obj,1600
teem-1.6.0-src,parseAir.c.obj,1322
teem-1.6.0-src,parseHest.c.obj,11190
teem-1.6.0-src,parseNrrd.c.obj,5778
teem-1.6.0-src,permute.c.obj,913
teem-1.6.0-src,pos.c.obj,500
teem-1.6.0-src,print.c.obj,5928
teem-1.6.0-src,project.c.obj,1742
teem-1.6.0-src,pvl.c.obj,1345
teem-1.6.0-src,qn.c.obj,2696
teem-1.6.0-src,quadvol.c.obj,1660
teem-1.6.0-src,quantize.c.obj,1498
teem-1.6.0-src,quat.c.obj,15492
teem-1.6.0-src,range.c.obj,688
teem-1.6.0-src,rangeBane.c.obj,1095
teem-1.6.0-src,ray.c.obj,4596
teem-1.6.0-src,rays.c.obj,4112
teem-1.6.0-src,read.c.obj,2570
teem-1.6.0-src,renderEcho.c.obj,5020
teem-1.6.0-src,renderLimn.c.obj,3042
teem-1.6.0-src,renderMite.c.obj,1090
teem-1.6.0-src,reorder.c.obj,8022
teem-1.6.0-src,resample.c.obj,3266
teem-1.6.0-src,resampleNrrd.c.obj,5989
teem-1.6.0-src,reshape.c.obj,894
teem-1.6.0-src,rmap.c.obj,2363
teem-1.6.0-src,sampler.c.obj,2254
teem-1.6.0-src,sane.c.obj,3031
teem-1.6.0-src,save.c.obj,2656
teem-1.6.0-src,scat.c.obj,662
teem-1.6.0-src,scl.c.obj,0
teem-1.6.0-src,sclanswer.c.obj,6369
teem-1.6.0-src,sclfilter.c.obj,6676
teem-1.6.0-src,sclprint.c.obj,1003
teem-1.6.0-src,set.c.obj,1180
teem-1.6.0-src,shape.c.obj,3349
teem-1.6.0-src,shapes.c.obj,4256
teem-1.6.0-src,shuffle.c.obj,1485
teem-1.6.0-src,sigma.c.obj,144
teem-1.6.0-src,simple.c.obj,4149
teem-1.6.0-src,slice.c.obj,1114
teem-1.6.0-src,soid.c.obj,3309
teem-1.6.0-src,sort3.c.obj,708
teem-1.6.0-src,splice.c.obj,1246
teem-1.6.0-src,splineEval.c.obj,7135
teem-1.6.0-src,splineMethods.c.obj,4384
teem-1.6.0-src,splineMisc.c.obj,2231
teem-1.6.0-src,sqd.c.obj,8522
teem-1.6.0-src,st.c.obj,2832
teem-1.6.0-src,string.c.obj,972
teem-1.6.0-src,strings.c.obj,1091
teem-1.6.0-src,stub.c.obj,116
teem-1.6.0-src,subset.c.obj,2314
teem-1.6.0-src,superset.c.obj,4123
teem-1.6.0-src,swap.c.obj,762
teem-1.6.0-src,tbc.c.obj,1628
teem-1.6.0-src,tblah.c.obj,1108
teem-1.6.0-src,tcam.c.obj,1191
teem-1.6.0-src,tcamanim.c.obj,3146
teem-1.6.0-src,tem.c.obj,991
teem-1.6.0-src,tenGage.c.obj,2668
teem-1.6.0-src,tendAnhist.c.obj,1057
teem-1.6.0-src,tendAnplot.c.obj,1550
teem-1.6.0-src,tendAnscale.c.obj,1289
teem-1.6.0-src,tendAnvol.c.obj,1399
teem-1.6.0-src,tendBmat.c.obj,1249
teem-1.6.0-src,tendEllipse.c.obj,2490
teem-1.6.0-src,tendEpireg.c.obj,4396
teem-1.6.0-src,tendEstim.c.obj,3648
teem-1.6.0-src,tendEval.c.obj,1531
teem-1.6.0-src,tendEvaladd.c.obj,896
teem-1.6.0-src,tendEvalclamp.c.obj,1175
teem-1.6.0-src,tendEvalpow.c.obj,811
teem-1.6.0-src,tendEvec.c.obj,1553
teem-1.6.0-src,tendEvecrgb.c.obj,1778
teem-1.6.0-src,tendEvq.c.obj,2087
teem-1.6.0-src,tendExpand.c.obj,1342
teem-1.6.0-src,tendFiber.c.obj,2429
teem-1.6.0-src,tendFlotsam.c.obj,1143
teem-1.6.0-src,tendGlyph.c.obj,6381
teem-1.6.0-src,tendMake.c.obj,879
teem-1.6.0-src,tendNorm.c.obj,1180
teem-1.6.0-src,tendPoint.c.obj,1653
teem-1.6.0-src,tendSatin.c.obj,5400
teem-1.6.0-src,tendShrink.c.obj,862
teem-1.6.0-src,tendSim.c.obj,1261
teem-1.6.0-src,tendSlice.c.obj,906
teem-1.6.0-src,tendSten.c.obj,1222
teem-1.6.0-src,tensor.c.obj,6430
teem-1.6.0-src,test.c.obj,896
teem-1.6.0-src,tg.c.obj,2634
teem-1.6.0-src,thread.c.obj,284
teem-1.6.0-src,threadAir.c.obj,1051
teem-1.6.0-src,tinfo.c.obj,491
teem-1.6.0-src,tkernel.c.obj,1929
teem-1.6.0-src,tline.c.obj,392
teem-1.6.0-src,tmfKernel.c.obj,193617
teem-1.6.0-src,tmop.c.obj,576
teem-1.6.0-src,tok.c.obj,252
teem-1.6.0-src,tps.c.obj,2384
teem-1.6.0-src,tq.c.obj,4166
teem-1.6.0-src,trand.c.obj,172
teem-1.6.0-src,transform.c.obj,2683
teem-1.6.0-src,tread.c.obj,260
teem-1.6.0-src,trend.c.obj,7404
teem-1.6.0-src,trex.c.obj,312
teem-1.6.0-src,trnsf.c.obj,4252
teem-1.6.0-src,tspline.c.obj,1938
teem-1.6.0-src,tspot.c.obj,914
teem-1.6.0-src,tt.c.obj,3027
teem-1.6.0-src,txf.c.obj,3308
teem-1.6.0-src,typestest.c.obj,392
teem-1.6.0-src,unblock.c.obj,1010
teem-1.6.0-src,unquantize.c.obj,1039
teem-1.6.0-src,update.c.obj,4534
teem-1.6.0-src,usage.c.obj,2555
teem-1.6.0-src,user.c.obj,842
teem-1.6.0-src,valid.c.obj,2392
teem-1.6.0-src,vecEll.c.obj,1768
teem-1.6.0-src,vecGage.c.obj,2632
teem-1.6.0-src,vecprint.c.obj,56
teem-1.6.0-src,winKernel.c.obj,21552
teem-1.6.0-src,write.c.obj,3989
teem-1.6.0-src,xform.c.obj,3281
ttt-0.10.1.preproc,connect4.o,7569
ttt-0.10.1.preproc,engine.o,3992
ttt-0.10.1.preproc,main.o,1907
ttt-0.10.1.preproc,parse.o,2646
ttt-0.10.1.preproc,ttt.o,10373
ttt-0.10.1.preproc,util.o,2501
unrarlib-0.4.0,getfile.c.obj,690
unrarlib-0.4.0,listarchive.c.obj,883
unrarlib-0.4.0,unrarlib.c.obj,10014
libpng-1.2.5,png.c.obj,2460
libpng-1.2.5,png2pnm.c.obj,2237
libpng-1.2.5,pngerror.c.obj,766
libpng-1.2.5,pngget.c.obj,2448
libpng-1.2.5,pngmem.c.obj,464
libpng-1.2.5,pngpread.c.obj,5919
libpng-1.2.5,pngread.c.obj,7109
libpng-1.2.5,pngrio.c.obj,305
libpng-1.2.5,pngrtran.c.obj,15896
libpng-1.2.5,pngrutil.c.obj,13613
libpng-1.2.5,pngset.c.obj,5870
libpng-1.2.5,pngtest.c.obj,5284
libpng-1.2.5,pngtrans.c.obj,1936
libpng-1.2.5,pngwio.c.obj,348
libpng-1.2.5,pngwrite.c.obj,5595
libpng-1.2.5,pngwtran.c.obj,1388
libpng-1.2.5,pngwutil.c.obj,11203
libpng-1.2.5,pnm2png.c.obj,2512
flex-2.5.31,buf.c.obj,831
flex-2.5.31,ccl.c.obj,740
flex-2.5.31,dfa.c.obj,5545
flex-2.5.31,ecs.c.obj,484
flex-2.5.31,filter.c.obj,1813
flex-2.5.31,gen.c.obj,20747
flex-2.5.31,libmain.c.obj,24
flex-2.5.31,libyywrap.c.obj,12
flex-2.5.31,main.c.obj,15342
flex-2.5.31,misc.c.obj,4841
flex-2.5.31,nfa.c.obj,3165
flex-2.5.31,options.c.obj,1230
flex-2.5.31,parse.c.obj,8335
flex-2.5.31,regex.c.obj,508
flex-2.5.31,scan.c.obj,36905
flex-2.5.31,scanopt.c.obj,2731
flex-2.5.31,skel.c.obj,79802
flex-2.5.31,sym.c.obj,798
flex-2.5.31,tables.c.obj,1647
flex-2.5.31,tables_shared.c.obj,34
flex-2.5.31,tblcmp.c.obj,2988
flex-2.5.31,yylex.c.obj,604
cg_compiler_opensrc,atom.c.obj,3144
cg_compiler_opensrc,binding.c.obj,1347
cg_compiler_opensrc,cgcmain.c.obj,2017
cg_compiler_opensrc,cgstruct.c.obj,96
cg_compiler_opensrc,check.c.obj,2938
cg_compiler_opensrc,compile.c.obj,10870
cg_compiler_opensrc,constfold.c.obj,3074
cg_compiler_opensrc,cpp.c.obj,5352
cg_compiler_opensrc,generic_hal.c.obj,1472
cg_compiler_opensrc,hal.c.obj,2207
cg_compiler_opensrc,inline.c.obj,2420
cg_compiler_opensrc,memory.c.obj,456
cg_compiler_opensrc,parser.c.obj,12432
cg_compiler_opensrc,printutils.c.obj,8401
cg_compiler_opensrc,scanner.c.obj,5303
cg_compiler_opensrc,semantic.c.obj,3562
cg_compiler_opensrc,stdlib.c.obj,10
cg_compiler_opensrc,support.c.obj,20324
cg_compiler_opensrc,support_iter.c.obj,2126
cg_compiler_opensrc,symbols.c.obj,5655
cg_compiler_opensrc,tokenize.c.obj,749
cg_compiler_opensrc,tokens.c.obj,2500
lwip-0.5.3.preproc,api_lib.o,5147
lwip-0.5.3.preproc,api_msg.o,4332
lwip-0.5.3.preproc,arp.o,2424
lwip-0.5.3.preproc,err.o,0
lwip-0.5.3.preproc,fs.o,40271
lwip-0.5.3.preproc,httpd.o,1614
lwip-0.5.3.preproc,icmp.o,1693
lwip-0.5.3.preproc,inet.o,946
lwip-0.5.3.preproc,ip.o,2968
lwip-0.5.3.preproc,ip_addr.o,0
lwip-0.5.3.preproc,loopif.o,313
lwip-0.5.3.preproc,mem.o,2133
lwip-0.5.3.preproc,memp.o,2054
lwip-0.5.3.preproc,netif.o,798
lwip-0.5.3.preproc,pbuf.o,3367
lwip-0.5.3.preproc,shell.o,12497
lwip-0.5.3.preproc,simhost.o,722
lwip-0.5.3.preproc,simnode.o,659
lwip-0.5.3.preproc,simrouter.o,844
lwip-0.5.3.preproc,sockets.o,2686
lwip-0.5.3.preproc,stats.o,78
lwip-0.5.3.preproc,sys.o,1044
lwip-0.5.3.preproc,tcp.o,6733
lwip-0.5.3.preproc,tcp_input.o,10939
lwip-0.5.3.preproc,tcp_output.o,5832
lwip-0.5.3.preproc,tcpdump.o,1993
lwip-0.5.3.preproc,tcpecho.o,332
lwip-0.5.3.preproc,tcpip.o,706
lwip-0.5.3.preproc,udp.o,2607
lwip-0.5.3.preproc,udpecho.o,394
