Compiler version,clang version 9.0.0 (trunk 361012)
Compiler flags,--target=arm-none-eabi -Os -mcpu=cortex-m0 -mthumb -isysroot /usr/lib/arm-none-eabi -iwithsysroot /include

Date,2019-05-17
Revision,361012

mpgcut-1.1,mpgcut.c.obj,12352
jpeg-6b,ansi2knr.c.obj,2508
jpeg-6b,cdjpeg.c.obj,140
jpeg-6b,cjpeg.c.obj,5241
jpeg-6b,ckconfig.c.obj,2232
jpeg-6b,djpeg.c.obj,5687
jpeg-6b,jcapimin.c.obj,714
jpeg-6b,jcapistd.c.obj,426
jpeg-6b,jccoefct.c.obj,1576
jpeg-6b,jccolor.c.obj,1484
jpeg-6b,jcdctmgr.c.obj,1228
jpeg-6b,jchuff.c.obj,3790
jpeg-6b,jcinit.c.obj,160
jpeg-6b,jcmainct.c.obj,380
jpeg-6b,jcmarker.c.obj,1984
jpeg-6b,jcmaster.c.obj,2412
jpeg-6b,jcomapi.c.obj,148
jpeg-6b,jcparam.c.obj,2904
jpeg-6b,jcphuff.c.obj,4774
jpeg-6b,jcprepct.c.obj,1262
jpeg-6b,jcsample.c.obj,1932
jpeg-6b,jctrans.c.obj,1248
jpeg-6b,jdapimin.c.obj,892
jpeg-6b,jdapistd.c.obj,822
jpeg-6b,jdatadst.c.obj,240
jpeg-6b,jdatasrc.c.obj,298
jpeg-6b,jdcoefct.c.obj,2938
jpeg-6b,jdcolor.c.obj,1134
jpeg-6b,jddctmgr.c.obj,756
jpeg-6b,jdhuff.c.obj,2284
jpeg-6b,jdinput.c.obj,1276
jpeg-6b,jdmainct.c.obj,1334
jpeg-6b,jdmarker.c.obj,5614
jpeg-6b,jdmaster.c.obj,1554
jpeg-6b,jdmerge.c.obj,1190
jpeg-6b,jdphuff.c.obj,2808
jpeg-6b,jdpostct.c.obj,734
jpeg-6b,jdsample.c.obj,1552
jpeg-6b,jdtrans.c.obj,288
jpeg-6b,jerror.c.obj,5466
jpeg-6b,jfdctflt.c.obj,912
jpeg-6b,jfdctfst.c.obj,496
jpeg-6b,jfdctint.c.obj,696
jpeg-6b,jidctflt.c.obj,1252
jpeg-6b,jidctfst.c.obj,844
jpeg-6b,jidctint.c.obj,1020
jpeg-6b,jidctred.c.obj,1146
jpeg-6b,jmemmgr.c.obj,2828
jpeg-6b,jmemnobs.c.obj,138
jpeg-6b,jpegtran.c.obj,3512
jpeg-6b,jquant1.c.obj,2556
jpeg-6b,jquant2.c.obj,3596
jpeg-6b,jutils.c.obj,464
jpeg-6b,rdbmp.c.obj,1526
jpeg-6b,rdcolmap.c.obj,1144
jpeg-6b,rdgif.c.obj,97
jpeg-6b,rdjpgcom.c.obj,2203
jpeg-6b,rdppm.c.obj,1488
jpeg-6b,rdrle.c.obj,0
jpeg-6b,rdswitch.c.obj,1788
jpeg-6b,rdtarga.c.obj,1618
jpeg-6b,transupp.c.obj,4120
jpeg-6b,wrbmp.c.obj,2396
jpeg-6b,wrgif.c.obj,2620
jpeg-6b,wrjpgcom.c.obj,3205
jpeg-6b,wrppm.c.obj,560
jpeg-6b,wrrle.c.obj,0
jpeg-6b,wrtarga.c.obj,882
zlib-1.1.4,adler32.c.obj,244
zlib-1.1.4,compress.c.obj,138
zlib-1.1.4,crc32.c.obj,1256
zlib-1.1.4,deflate.c.obj,4768
zlib-1.1.4,example.c.obj,3711
zlib-1.1.4,gzio.c.obj,2903
zlib-1.1.4,infblock.c.obj,3004
zlib-1.1.4,infcodes.c.obj,1810
zlib-1.1.4,inffast.c.obj,946
zlib-1.1.4,inflate.c.obj,1569
zlib-1.1.4,inftrees.c.obj,2153
zlib-1.1.4,infutil.c.obj,234
zlib-1.1.4,minigzip.c.obj,1099
zlib-1.1.4,trees.c.obj,7488
zlib-1.1.4,uncompr.c.obj,106
zlib-1.1.4,zutil.c.obj,205
replaypc-0.4.0.preproc,ReplayPC.o,6092
replaypc-0.4.0.preproc,addressbook.o,1183
replaypc-0.4.0.preproc,bigfile.o,681
replaypc-0.4.0.preproc,build-ndx.o,1000
replaypc-0.4.0.preproc,cg.o,3613
replaypc-0.4.0.preproc,channelset.o,385
replaypc-0.4.0.preproc,crypt-test.o,2398
replaypc-0.4.0.preproc,crypt.o,1496
replaypc-0.4.0.preproc,dump-addressbook.o,788
replaypc-0.4.0.preproc,dump-cg2.o,734
replaypc-0.4.0.preproc,dump-channelset.o,624
replaypc-0.4.0.preproc,dump-filedarray.o,824
replaypc-0.4.0.preproc,dump-guide.o,973
replaypc-0.4.0.preproc,dump-headend.o,597
replaypc-0.4.0.preproc,dump-programset.o,1005
replaypc-0.4.0.preproc,dump-replaychannels.o,531
replaypc-0.4.0.preproc,dump-replayshows.o,526
replaypc-0.4.0.preproc,dump-zipcode2.o,526
replaypc-0.4.0.preproc,dump.o,2649
replaypc-0.4.0.preproc,filedarray.o,434
replaypc-0.4.0.preproc,find-GOPs.o,518
replaypc-0.4.0.preproc,guide.o,10278
replaypc-0.4.0.preproc,guideclient.o,1230
replaypc-0.4.0.preproc,headend.o,1386
replaypc-0.4.0.preproc,httpclient.o,4659
replaypc-0.4.0.preproc,httpfs.o,9409
replaypc-0.4.0.preproc,httpfsclient.o,3904
replaypc-0.4.0.preproc,mark-commercial.o,2768
replaypc-0.4.0.preproc,ndx-dump.o,5679
replaypc-0.4.0.preproc,ndx.o,913
replaypc-0.4.0.preproc,program.o,2993
replaypc-0.4.0.preproc,rddns.o,948
replaypc-0.4.0.preproc,rddnsclient.o,1870
replaypc-0.4.0.preproc,rtv.o,1810
replaypc-0.4.0.preproc,rtvguide.o,2019
replaypc-0.4.0.preproc,sleep.o,90
replaypc-0.4.0.preproc,un-protect.o,1654
replaypc-0.4.0.preproc,version-test.o,279
replaypc-0.4.0.preproc,zipcode.o,611
OpenTCP-1.0.4,arp.c.obj,1700
OpenTCP-1.0.4,bootp.c.obj,1008
OpenTCP-1.0.4,dhcpc.c.obj,2156
OpenTCP-1.0.4,dns.c.obj,1144
OpenTCP-1.0.4,ethernet.c.obj,1428
OpenTCP-1.0.4,http_server.c.obj,1194
OpenTCP-1.0.4,https_callbacks.c.obj,648
OpenTCP-1.0.4,icmp.c.obj,276
OpenTCP-1.0.4,ip.c.obj,2012
OpenTCP-1.0.4,main_demo.c.obj,220
OpenTCP-1.0.4,pop3_client.c.obj,3275
OpenTCP-1.0.4,pop3c_callbacks.c.obj,78
OpenTCP-1.0.4,smtp_client.c.obj,2016
OpenTCP-1.0.4,smtpc_callbacks.c.obj,90
OpenTCP-1.0.4,system.c.obj,1008
OpenTCP-1.0.4,tcp.c.obj,4608
OpenTCP-1.0.4,tcp_client_demo.c.obj,312
OpenTCP-1.0.4,tcp_server_demo.c.obj,292
OpenTCP-1.0.4,tftps.c.obj,756
OpenTCP-1.0.4,timers.c.obj,236
OpenTCP-1.0.4,udp.c.obj,1104
OpenTCP-1.0.4,udp_demo.c.obj,244
bzip2-1.0.2,blocksort.c.obj,5539
bzip2-1.0.2,bzip2.c.obj,15221
bzip2-1.0.2,bzip2recover.c.obj,3417
bzip2-1.0.2,bzlib.c.obj,9429
bzip2-1.0.2,compress.c.obj,12083
bzip2-1.0.2,crctable.c.obj,0
bzip2-1.0.2,decompress.c.obj,7263
bzip2-1.0.2,huffman.c.obj,1090
bzip2-1.0.2,randtable.c.obj,0
mpeg2dec-0.3.1,alloc.c.obj,116
mpeg2dec-0.3.1,cpu_accel.c.obj,12
mpeg2dec-0.3.1,cpu_state.c.obj,10
mpeg2dec-0.3.1,decode.c.obj,2592
mpeg2dec-0.3.1,extract_mpeg2.c.obj,3064
mpeg2dec-0.3.1,getopt.c.obj,2536
mpeg2dec-0.3.1,gettimeofday.c.obj,0
mpeg2dec-0.3.1,header.c.obj,3804
mpeg2dec-0.3.1,idct.c.obj,1516
mpeg2dec-0.3.1,idct_alpha.c.obj,0
mpeg2dec-0.3.1,idct_altivec.c.obj,0
mpeg2dec-0.3.1,idct_mlib.c.obj,0
mpeg2dec-0.3.1,idct_mmx.c.obj,0
mpeg2dec-0.3.1,motion_comp.c.obj,3830
mpeg2dec-0.3.1,motion_comp_alpha.c.obj,0
mpeg2dec-0.3.1,motion_comp_altivec.c.obj,0
mpeg2dec-0.3.1,motion_comp_mlib.c.obj,0
mpeg2dec-0.3.1,motion_comp_mmx.c.obj,0
mpeg2dec-0.3.1,mpeg2dec.c.obj,4218
mpeg2dec-0.3.1,slice.c.obj,15030
mpeg2dec-0.3.1,video_out.c.obj,74
mpeg2dec-0.3.1,video_out_dx.c.obj,0
mpeg2dec-0.3.1,video_out_null.c.obj,372
mpeg2dec-0.3.1,video_out_pgm.c.obj,521
mpeg2dec-0.3.1,video_out_sdl.c.obj,735
mpeg2dec-0.3.1,video_out_x11.c.obj,0
mpeg2dec-0.3.1,yuv2rgb.c.obj,3696
mpeg2dec-0.3.1,yuv2rgb_mlib.c.obj,0
mpeg2dec-0.3.1,yuv2rgb_mmx.c.obj,0
jikespg-1.3,ctabs.c.obj,42345
jikespg-1.3,globals.c.obj,48
jikespg-1.3,lpgparse.c.obj,37661
jikespg-1.3,lpgutil.c.obj,4013
jikespg-1.3,main.c.obj,5543
jikespg-1.3,mkfirst.c.obj,12200
jikespg-1.3,mkred.c.obj,5636
jikespg-1.3,mkstates.c.obj,2399
jikespg-1.3,partset.c.obj,1374
jikespg-1.3,prntstat.c.obj,2568
jikespg-1.3,produce.c.obj,9331
jikespg-1.3,ptables.c.obj,2705
jikespg-1.3,remsp.c.obj,6786
jikespg-1.3,resolve.c.obj,9938
jikespg-1.3,spacetab.c.obj,16337
jikespg-1.3,tabutil.c.obj,10556
jikespg-1.3,timetab.c.obj,7666
libmspack,cabc.c.obj,22
libmspack,cabd.c.obj,4822
libmspack,cabd_md5.c.obj,1141
libmspack,cabd_test.c.obj,9286
libmspack,cabextract_md5.c.obj,21957
libmspack,cabrip.c.obj,405
libmspack,chmc.c.obj,22
libmspack,chmd.c.obj,3086
libmspack,chmd_md5.c.obj,1008
libmspack,hlpc.c.obj,22
libmspack,hlpd.c.obj,22
libmspack,kwajc.c.obj,22
libmspack,kwajd.c.obj,22
libmspack,litc.c.obj,22
libmspack,litd.c.obj,22
libmspack,lzxc.c.obj,0
libmspack,lzxd.c.obj,5948
libmspack,md5.c.obj,2812
libmspack,mszipc.c.obj,0
libmspack,mszipd.c.obj,48
libmspack,qtmc.c.obj,0
libmspack,qtmd.c.obj,4796
libmspack,system.c.obj,620
libmspack,szddc.c.obj,22
libmspack,szddd.c.obj,22
compiler,cg.c.obj,2403
compiler,main.c.obj,2410
compiler,parser.c.obj,4204
compiler,scanner.c.obj,3435
compiler,vam.c.obj,3535
compiler,vas.c.obj,5794
teem-1.6.0-src,1op.c.obj,1615
teem-1.6.0-src,2op.c.obj,2134
teem-1.6.0-src,3op.c.obj,2240
teem-1.6.0-src,754.c.obj,1467
teem-1.6.0-src,about.c.obj,2758
teem-1.6.0-src,accessors.c.obj,7539
teem-1.6.0-src,aniso.c.obj,3568
teem-1.6.0-src,apply1D.c.obj,7559
teem-1.6.0-src,arith.c.obj,5716
teem-1.6.0-src,array.c.obj,580
teem-1.6.0-src,arraysNrrd.c.obj,0
teem-1.6.0-src,ax.c.obj,3005
teem-1.6.0-src,axdelete.c.obj,1318
teem-1.6.0-src,axinfo.c.obj,1357
teem-1.6.0-src,axinsert.c.obj,1053
teem-1.6.0-src,axis.c.obj,2764
teem-1.6.0-src,axmerge.c.obj,1323
teem-1.6.0-src,axsplit.c.obj,1096
teem-1.6.0-src,bday.c.obj,998
teem-1.6.0-src,biff.c.obj,2365
teem-1.6.0-src,bimod.c.obj,6031
teem-1.6.0-src,block.c.obj,1094
teem-1.6.0-src,bounds.c.obj,6999
teem-1.6.0-src,bow.c.obj,586
teem-1.6.0-src,cam.c.obj,5245
teem-1.6.0-src,cc.c.obj,9971
teem-1.6.0-src,ccadj.c.obj,1137
teem-1.6.0-src,ccfind.c.obj,1673
teem-1.6.0-src,ccmerge.c.obj,2599
teem-1.6.0-src,ccmethods.c.obj,1184
teem-1.6.0-src,ccsettle.c.obj,990
teem-1.6.0-src,chan.c.obj,8015
teem-1.6.0-src,clip.c.obj,698
teem-1.6.0-src,cmedian.c.obj,2456
teem-1.6.0-src,color.c.obj,8476
teem-1.6.0-src,comment.c.obj,485
teem-1.6.0-src,conv.c.obj,384
teem-1.6.0-src,convert.c.obj,1124
teem-1.6.0-src,convertDye.c.obj,3256
teem-1.6.0-src,convertNrrd.c.obj,5028
teem-1.6.0-src,convo.c.obj,1805
teem-1.6.0-src,coreAlan.c.obj,3993
teem-1.6.0-src,crop.c.obj,1344
teem-1.6.0-src,ctx.c.obj,4178
teem-1.6.0-src,cubicEll.c.obj,2156
teem-1.6.0-src,data.c.obj,1292
teem-1.6.0-src,defaultsBane.c.obj,5
teem-1.6.0-src,defaultsGage.c.obj,5
teem-1.6.0-src,defaultsHest.c.obj,0
teem-1.6.0-src,defaultsHoover.c.obj,7
teem-1.6.0-src,defaultsLimn.c.obj,5
teem-1.6.0-src,defaultsMite.c.obj,5
teem-1.6.0-src,defaultsMoss.c.obj,5
teem-1.6.0-src,defaultsNrrd.c.obj,631
teem-1.6.0-src,defaultsTen.c.obj,16
teem-1.6.0-src,dehex.c.obj,775
teem-1.6.0-src,dhisto.c.obj,1302
teem-1.6.0-src,dice.c.obj,1754
teem-1.6.0-src,dio.c.obj,1890
teem-1.6.0-src,doubleprint.c.obj,590
teem-1.6.0-src,eigen.c.obj,4576
teem-1.6.0-src,encoding.c.obj,630
teem-1.6.0-src,encodingAscii.c.obj,1413
teem-1.6.0-src,encodingBzip2.c.obj,538
teem-1.6.0-src,encodingGzip.c.obj,610
teem-1.6.0-src,encodingHex.c.obj,1532
teem-1.6.0-src,encodingRaw.c.obj,1874
teem-1.6.0-src,endianAir.c.obj,4
teem-1.6.0-src,endianNrrd.c.obj,323
teem-1.6.0-src,enhex.c.obj,705
teem-1.6.0-src,enum.c.obj,852
teem-1.6.0-src,enumsAlan.c.obj,0
teem-1.6.0-src,enumsEcho.c.obj,0
teem-1.6.0-src,enumsNrrd.c.obj,0
teem-1.6.0-src,enumsTen.c.obj,0
teem-1.6.0-src,env.c.obj,1153
teem-1.6.0-src,epireg.c.obj,13156
teem-1.6.0-src,ex0.c.obj,513
teem-1.6.0-src,ex1.c.obj,1207
teem-1.6.0-src,ex2.c.obj,956
teem-1.6.0-src,ex3.c.obj,1462
teem-1.6.0-src,ex4.c.obj,1100
teem-1.6.0-src,ex5.c.obj,761
teem-1.6.0-src,fiber.c.obj,4479
teem-1.6.0-src,fiberMethods.c.obj,2529
teem-1.6.0-src,filt.c.obj,5715
teem-1.6.0-src,filter.c.obj,3200
teem-1.6.0-src,flip.c.obj,790
teem-1.6.0-src,floatprint.c.obj,588
teem-1.6.0-src,flotsam.c.obj,2402
teem-1.6.0-src,format.c.obj,668
teem-1.6.0-src,formatEPS.c.obj,2321
teem-1.6.0-src,formatNRRD.c.obj,3553
teem-1.6.0-src,formatPNG.c.obj,702
teem-1.6.0-src,formatPNM.c.obj,2835
teem-1.6.0-src,formatText.c.obj,2633
teem-1.6.0-src,formatVTK.c.obj,5601
teem-1.6.0-src,fp.c.obj,1518
teem-1.6.0-src,gamma.c.obj,1302
teem-1.6.0-src,genmat.c.obj,3100
teem-1.6.0-src,genvol.c.obj,1639
teem-1.6.0-src,gkmsFlotsam.c.obj,1964
teem-1.6.0-src,gkmsHvol.c.obj,2726
teem-1.6.0-src,gkmsInfo.c.obj,1265
teem-1.6.0-src,gkmsMite.c.obj,1116
teem-1.6.0-src,gkmsOpac.c.obj,3101
teem-1.6.0-src,gkmsPvg.c.obj,2618
teem-1.6.0-src,gkmsScat.c.obj,1496
teem-1.6.0-src,gkmsTxf.c.obj,2992
teem-1.6.0-src,glyph.c.obj,5377
teem-1.6.0-src,gzio.c.obj,0
teem-1.6.0-src,head.c.obj,1386
teem-1.6.0-src,heq.c.obj,2001
teem-1.6.0-src,hestLimn.c.obj,994
teem-1.6.0-src,hestMoss.c.obj,1018
teem-1.6.0-src,hestNrrd.c.obj,1031
teem-1.6.0-src,histax.c.obj,1275
teem-1.6.0-src,histo.c.obj,1454
teem-1.6.0-src,histogram.c.obj,5931
teem-1.6.0-src,hvol.c.obj,6695
teem-1.6.0-src,imap.c.obj,2394
teem-1.6.0-src,inc.c.obj,3161
teem-1.6.0-src,inset.c.obj,1325
teem-1.6.0-src,intx.c.obj,13702
teem-1.6.0-src,invert.c.obj,641
teem-1.6.0-src,io.c.obj,825
teem-1.6.0-src,iter.c.obj,637
teem-1.6.0-src,jhisto.c.obj,2501
teem-1.6.0-src,join.c.obj,1432
teem-1.6.0-src,kernel.c.obj,21615
teem-1.6.0-src,keyvalue.c.obj,785
teem-1.6.0-src,kv.c.obj,351
teem-1.6.0-src,light.c.obj,408
teem-1.6.0-src,lightEcho.c.obj,697
teem-1.6.0-src,list.c.obj,1468
teem-1.6.0-src,lut.c.obj,2021
teem-1.6.0-src,make.c.obj,6277
teem-1.6.0-src,map.c.obj,304
teem-1.6.0-src,mat.c.obj,23996
teem-1.6.0-src,matter.c.obj,336
teem-1.6.0-src,measr.c.obj,298
teem-1.6.0-src,measure.c.obj,8975
teem-1.6.0-src,methodsAlan.c.obj,2063
teem-1.6.0-src,methodsBane.c.obj,583
teem-1.6.0-src,methodsDye.c.obj,1122
teem-1.6.0-src,methodsEcho.c.obj,559
teem-1.6.0-src,methodsHest.c.obj,2264
teem-1.6.0-src,methodsHoover.c.obj,1690
teem-1.6.0-src,methodsLimn.c.obj,332
teem-1.6.0-src,methodsMoss.c.obj,996
teem-1.6.0-src,methodsNrrd.c.obj,4153
teem-1.6.0-src,minmax.c.obj,288
teem-1.6.0-src,miscAir.c.obj,3936
teem-1.6.0-src,miscEll.c.obj,1199
teem-1.6.0-src,miscGage.c.obj,575
teem-1.6.0-src,miscTen.c.obj,3438
teem-1.6.0-src,mod.c.obj,3143
teem-1.6.0-src,model.c.obj,1108
teem-1.6.0-src,mop.c.obj,1003
teem-1.6.0-src,obj.c.obj,778
teem-1.6.0-src,objmethods.c.obj,1012
teem-1.6.0-src,opac.c.obj,474
teem-1.6.0-src,pad.c.obj,1696
teem-1.6.0-src,parseAir.c.obj,1358
teem-1.6.0-src,parseHest.c.obj,11255
teem-1.6.0-src,parseNrrd.c.obj,5727
teem-1.6.0-src,permute.c.obj,969
teem-1.6.0-src,pos.c.obj,545
teem-1.6.0-src,print.c.obj,5597
teem-1.6.0-src,project.c.obj,1865
teem-1.6.0-src,pvl.c.obj,1424
teem-1.6.0-src,qn.c.obj,2677
teem-1.6.0-src,quadvol.c.obj,1589
teem-1.6.0-src,quantize.c.obj,1582
teem-1.6.0-src,quat.c.obj,14914
teem-1.6.0-src,range.c.obj,660
teem-1.6.0-src,rangeBane.c.obj,956
teem-1.6.0-src,ray.c.obj,4212
teem-1.6.0-src,rays.c.obj,3683
teem-1.6.0-src,read.c.obj,2660
teem-1.6.0-src,renderEcho.c.obj,4827
teem-1.6.0-src,renderLimn.c.obj,3065
teem-1.6.0-src,renderMite.c.obj,1129
teem-1.6.0-src,reorder.c.obj,8452
teem-1.6.0-src,resample.c.obj,3326
teem-1.6.0-src,resampleNrrd.c.obj,6281
teem-1.6.0-src,reshape.c.obj,938
teem-1.6.0-src,rmap.c.obj,2461
teem-1.6.0-src,sampler.c.obj,2166
teem-1.6.0-src,sane.c.obj,3035
teem-1.6.0-src,save.c.obj,2776
teem-1.6.0-src,scat.c.obj,737
teem-1.6.0-src,scl.c.obj,0
teem-1.6.0-src,sclanswer.c.obj,6575
teem-1.6.0-src,sclfilter.c.obj,9865
teem-1.6.0-src,sclprint.c.obj,997
teem-1.6.0-src,set.c.obj,1286
teem-1.6.0-src,shape.c.obj,3097
teem-1.6.0-src,shapes.c.obj,3532
teem-1.6.0-src,shuffle.c.obj,1584
teem-1.6.0-src,sigma.c.obj,157
teem-1.6.0-src,simple.c.obj,4465
teem-1.6.0-src,slice.c.obj,1213
teem-1.6.0-src,soid.c.obj,3145
teem-1.6.0-src,sort3.c.obj,674
teem-1.6.0-src,splice.c.obj,1341
teem-1.6.0-src,splineEval.c.obj,5841
teem-1.6.0-src,splineMethods.c.obj,4488
teem-1.6.0-src,splineMisc.c.obj,2305
teem-1.6.0-src,sqd.c.obj,7513
teem-1.6.0-src,st.c.obj,2999
teem-1.6.0-src,string.c.obj,1076
teem-1.6.0-src,strings.c.obj,1171
teem-1.6.0-src,stub.c.obj,100
teem-1.6.0-src,subset.c.obj,2495
teem-1.6.0-src,superset.c.obj,4307
teem-1.6.0-src,swap.c.obj,825
teem-1.6.0-src,tbc.c.obj,1648
teem-1.6.0-src,tblah.c.obj,1073
teem-1.6.0-src,tcam.c.obj,1308
teem-1.6.0-src,tcamanim.c.obj,3279
teem-1.6.0-src,tem.c.obj,1032
teem-1.6.0-src,tenGage.c.obj,3301
teem-1.6.0-src,tendAnhist.c.obj,1143
teem-1.6.0-src,tendAnplot.c.obj,1625
teem-1.6.0-src,tendAnscale.c.obj,1351
teem-1.6.0-src,tendAnvol.c.obj,1457
teem-1.6.0-src,tendBmat.c.obj,1309
teem-1.6.0-src,tendEllipse.c.obj,2401
teem-1.6.0-src,tendEpireg.c.obj,4424
teem-1.6.0-src,tendEstim.c.obj,3769
teem-1.6.0-src,tendEval.c.obj,1568
teem-1.6.0-src,tendEvaladd.c.obj,948
teem-1.6.0-src,tendEvalclamp.c.obj,1236
teem-1.6.0-src,tendEvalpow.c.obj,859
teem-1.6.0-src,tendEvec.c.obj,1618
teem-1.6.0-src,tendEvecrgb.c.obj,1859
teem-1.6.0-src,tendEvq.c.obj,2145
teem-1.6.0-src,tendExpand.c.obj,1420
teem-1.6.0-src,tendFiber.c.obj,2508
teem-1.6.0-src,tendFlotsam.c.obj,1194
teem-1.6.0-src,tendGlyph.c.obj,6432
teem-1.6.0-src,tendMake.c.obj,949
teem-1.6.0-src,tendNorm.c.obj,1249
teem-1.6.0-src,tendPoint.c.obj,1608
teem-1.6.0-src,tendSatin.c.obj,5076
teem-1.6.0-src,tendShrink.c.obj,924
teem-1.6.0-src,tendSim.c.obj,1324
teem-1.6.0-src,tendSlice.c.obj,977
teem-1.6.0-src,tendSten.c.obj,1306
teem-1.6.0-src,tensor.c.obj,6371
teem-1.6.0-src,test.c.obj,854
teem-1.6.0-src,tg.c.obj,2523
teem-1.6.0-src,thread.c.obj,274
teem-1.6.0-src,threadAir.c.obj,1204
teem-1.6.0-src,tinfo.c.obj,513
teem-1.6.0-src,tkernel.c.obj,1891
teem-1.6.0-src,tline.c.obj,429
teem-1.6.0-src,tmfKernel.c.obj,152437
teem-1.6.0-src,tmop.c.obj,583
teem-1.6.0-src,tok.c.obj,290
teem-1.6.0-src,tps.c.obj,2332
teem-1.6.0-src,tq.c.obj,6039
teem-1.6.0-src,trand.c.obj,153
teem-1.6.0-src,transform.c.obj,3133
teem-1.6.0-src,tread.c.obj,280
teem-1.6.0-src,trend.c.obj,6413
teem-1.6.0-src,trex.c.obj,342
teem-1.6.0-src,trnsf.c.obj,4470
teem-1.6.0-src,tspline.c.obj,1937
teem-1.6.0-src,tspot.c.obj,919
teem-1.6.0-src,tt.c.obj,2726
teem-1.6.0-src,txf.c.obj,3367
teem-1.6.0-src,typestest.c.obj,392
teem-1.6.0-src,unblock.c.obj,1114
teem-1.6.0-src,unquantize.c.obj,1139
teem-1.6.0-src,update.c.obj,4602
teem-1.6.0-src,usage.c.obj,2695
teem-1.6.0-src,user.c.obj,823
teem-1.6.0-src,valid.c.obj,2354
teem-1.6.0-src,vecEll.c.obj,1568
teem-1.6.0-src,vecGage.c.obj,2703
teem-1.6.0-src,vecprint.c.obj,68
teem-1.6.0-src,winKernel.c.obj,18652
teem-1.6.0-src,write.c.obj,3827
teem-1.6.0-src,xform.c.obj,3354
ttt-0.10.1.preproc,connect4.o,7569
ttt-0.10.1.preproc,engine.o,3992
ttt-0.10.1.preproc,main.o,1907
ttt-0.10.1.preproc,parse.o,2646
ttt-0.10.1.preproc,ttt.o,10373
ttt-0.10.1.preproc,util.o,2501
unrarlib-0.4.0,getfile.c.obj,757
unrarlib-0.4.0,listarchive.c.obj,938
unrarlib-0.4.0,unrarlib.c.obj,10130
libpng-1.2.5,png.c.obj,2619
libpng-1.2.5,png2pnm.c.obj,2405
libpng-1.2.5,pngerror.c.obj,841
libpng-1.2.5,pngget.c.obj,2548
libpng-1.2.5,pngmem.c.obj,599
libpng-1.2.5,pngpread.c.obj,6643
libpng-1.2.5,pngread.c.obj,7356
libpng-1.2.5,pngrio.c.obj,309
libpng-1.2.5,pngrtran.c.obj,15752
libpng-1.2.5,pngrutil.c.obj,14700
libpng-1.2.5,pngset.c.obj,5689
libpng-1.2.5,pngtest.c.obj,5522
libpng-1.2.5,pngtrans.c.obj,1932
libpng-1.2.5,pngwio.c.obj,365
libpng-1.2.5,pngwrite.c.obj,5713
libpng-1.2.5,pngwtran.c.obj,1370
libpng-1.2.5,pngwutil.c.obj,11253
libpng-1.2.5,pnm2png.c.obj,2553
flex-2.5.31,buf.c.obj,965
flex-2.5.31,ccl.c.obj,992
flex-2.5.31,dfa.c.obj,5906
flex-2.5.31,ecs.c.obj,562
flex-2.5.31,filter.c.obj,1917
flex-2.5.31,gen.c.obj,21810
flex-2.5.31,libmain.c.obj,24
flex-2.5.31,libyywrap.c.obj,12
flex-2.5.31,main.c.obj,16894
flex-2.5.31,misc.c.obj,5528
flex-2.5.31,nfa.c.obj,3120
flex-2.5.31,options.c.obj,1230
flex-2.5.31,parse.c.obj,8470
flex-2.5.31,regex.c.obj,495
flex-2.5.31,scan.c.obj,37868
flex-2.5.31,scanopt.c.obj,2864
flex-2.5.31,skel.c.obj,79802
flex-2.5.31,sym.c.obj,851
flex-2.5.31,tables.c.obj,1873
flex-2.5.31,tables_shared.c.obj,32
flex-2.5.31,tblcmp.c.obj,3352
flex-2.5.31,yylex.c.obj,844
cg_compiler_opensrc,atom.c.obj,3128
cg_compiler_opensrc,binding.c.obj,1391
cg_compiler_opensrc,cgcmain.c.obj,2079
cg_compiler_opensrc,cgstruct.c.obj,76
cg_compiler_opensrc,check.c.obj,2827
cg_compiler_opensrc,compile.c.obj,11765
cg_compiler_opensrc,constfold.c.obj,2884
cg_compiler_opensrc,cpp.c.obj,5750
cg_compiler_opensrc,generic_hal.c.obj,1503
cg_compiler_opensrc,hal.c.obj,2291
cg_compiler_opensrc,inline.c.obj,2312
cg_compiler_opensrc,memory.c.obj,462
cg_compiler_opensrc,parser.c.obj,13135
cg_compiler_opensrc,printutils.c.obj,8929
cg_compiler_opensrc,scanner.c.obj,5379
cg_compiler_opensrc,semantic.c.obj,3594
cg_compiler_opensrc,stdlib.c.obj,10
cg_compiler_opensrc,support.c.obj,20375
cg_compiler_opensrc,support_iter.c.obj,1668
cg_compiler_opensrc,symbols.c.obj,6269
cg_compiler_opensrc,tokenize.c.obj,664
cg_compiler_opensrc,tokens.c.obj,2671
lwip-0.5.3.preproc,api_lib.o,5147
lwip-0.5.3.preproc,api_msg.o,4332
lwip-0.5.3.preproc,arp.o,2424
lwip-0.5.3.preproc,err.o,0
lwip-0.5.3.preproc,fs.o,40271
lwip-0.5.3.preproc,httpd.o,1614
lwip-0.5.3.preproc,icmp.o,1693
lwip-0.5.3.preproc,inet.o,946
lwip-0.5.3.preproc,ip.o,2968
lwip-0.5.3.preproc,ip_addr.o,0
lwip-0.5.3.preproc,loopif.o,313
lwip-0.5.3.preproc,mem.o,2133
lwip-0.5.3.preproc,memp.o,2054
lwip-0.5.3.preproc,netif.o,798
lwip-0.5.3.preproc,pbuf.o,3367
lwip-0.5.3.preproc,shell.o,12497
lwip-0.5.3.preproc,simhost.o,722
lwip-0.5.3.preproc,simnode.o,659
lwip-0.5.3.preproc,simrouter.o,844
lwip-0.5.3.preproc,sockets.o,2686
lwip-0.5.3.preproc,stats.o,78
lwip-0.5.3.preproc,sys.o,1044
lwip-0.5.3.preproc,tcp.o,6733
lwip-0.5.3.preproc,tcp_input.o,10939
lwip-0.5.3.preproc,tcp_output.o,5832
lwip-0.5.3.preproc,tcpdump.o,1993
lwip-0.5.3.preproc,tcpecho.o,332
lwip-0.5.3.preproc,tcpip.o,706
lwip-0.5.3.preproc,udp.o,2607
lwip-0.5.3.preproc,udpecho.o,394
