Compiler version,clang version 5.0.0 (trunk 300239)
Compiler flags,--target=arm-none-eabi -Os -mcpu=cortex-m0 -mthumb

Date,2017-04-13
Revision,300239

mpgcut-1.1,mpgcut.c.obj,9271
jpeg-6b,ansi2knr.c.obj,2337
jpeg-6b,cdjpeg.c.obj,152
jpeg-6b,cjpeg.c.obj,5171
jpeg-6b,ckconfig.c.obj,2224
jpeg-6b,djpeg.c.obj,5506
jpeg-6b,jcapimin.c.obj,756
jpeg-6b,jcapistd.c.obj,422
jpeg-6b,jccoefct.c.obj,1742
jpeg-6b,jccolor.c.obj,1512
jpeg-6b,jcdctmgr.c.obj,1244
jpeg-6b,jchuff.c.obj,4006
jpeg-6b,jcinit.c.obj,162
jpeg-6b,jcmainct.c.obj,388
jpeg-6b,jcmarker.c.obj,2084
jpeg-6b,jcmaster.c.obj,2372
jpeg-6b,jcomapi.c.obj,148
jpeg-6b,jcparam.c.obj,2914
jpeg-6b,jcphuff.c.obj,4846
jpeg-6b,jcprepct.c.obj,1338
jpeg-6b,jcsample.c.obj,2226
jpeg-6b,jctrans.c.obj,1284
jpeg-6b,jdapimin.c.obj,908
jpeg-6b,jdapistd.c.obj,856
jpeg-6b,jdatadst.c.obj,248
jpeg-6b,jdatasrc.c.obj,304
jpeg-6b,jdcoefct.c.obj,3160
jpeg-6b,jdcolor.c.obj,1156
jpeg-6b,jddctmgr.c.obj,764
jpeg-6b,jdhuff.c.obj,2332
jpeg-6b,jdinput.c.obj,1252
jpeg-6b,jdmainct.c.obj,1398
jpeg-6b,jdmarker.c.obj,5706
jpeg-6b,jdmaster.c.obj,1624
jpeg-6b,jdmerge.c.obj,1320
jpeg-6b,jdphuff.c.obj,2722
jpeg-6b,jdpostct.c.obj,794
jpeg-6b,jdsample.c.obj,1654
jpeg-6b,jdtrans.c.obj,314
jpeg-6b,jerror.c.obj,5466
jpeg-6b,jfdctflt.c.obj,920
jpeg-6b,jfdctfst.c.obj,538
jpeg-6b,jfdctint.c.obj,780
jpeg-6b,jidctflt.c.obj,1304
jpeg-6b,jidctfst.c.obj,920
jpeg-6b,jidctint.c.obj,1104
jpeg-6b,jidctred.c.obj,1284
jpeg-6b,jmemmgr.c.obj,2886
jpeg-6b,jmemnobs.c.obj,138
jpeg-6b,jpegtran.c.obj,3444
jpeg-6b,jquant1.c.obj,2674
jpeg-6b,jquant2.c.obj,3780
jpeg-6b,jutils.c.obj,466
jpeg-6b,rdbmp.c.obj,1650
jpeg-6b,rdcolmap.c.obj,858
jpeg-6b,rdgif.c.obj,96
jpeg-6b,rdjpgcom.c.obj,1961
jpeg-6b,rdppm.c.obj,1404
jpeg-6b,rdrle.c.obj,0
jpeg-6b,rdswitch.c.obj,1671
jpeg-6b,rdtarga.c.obj,1596
jpeg-6b,transupp.c.obj,4434
jpeg-6b,wrbmp.c.obj,1500
jpeg-6b,wrgif.c.obj,1100
jpeg-6b,wrjpgcom.c.obj,2593
jpeg-6b,wrppm.c.obj,564
jpeg-6b,wrrle.c.obj,0
jpeg-6b,wrtarga.c.obj,698
zlib-1.1.4,adler32.c.obj,332
zlib-1.1.4,compress.c.obj,134
zlib-1.1.4,crc32.c.obj,1264
zlib-1.1.4,deflate.c.obj,4924
zlib-1.1.4,example.c.obj,3537
zlib-1.1.4,gzio.c.obj,2938
zlib-1.1.4,infblock.c.obj,3008
zlib-1.1.4,infcodes.c.obj,1412
zlib-1.1.4,inffast.c.obj,936
zlib-1.1.4,inflate.c.obj,1562
zlib-1.1.4,inftrees.c.obj,2169
zlib-1.1.4,infutil.c.obj,254
zlib-1.1.4,minigzip.c.obj,1085
zlib-1.1.4,trees.c.obj,8008
zlib-1.1.4,uncompr.c.obj,100
zlib-1.1.4,zutil.c.obj,203
replaypc-0.4.0.preproc,ReplayPC.o,6092
replaypc-0.4.0.preproc,addressbook.o,1183
replaypc-0.4.0.preproc,bigfile.o,681
replaypc-0.4.0.preproc,build-ndx.o,1000
replaypc-0.4.0.preproc,cg.o,3613
replaypc-0.4.0.preproc,channelset.o,385
replaypc-0.4.0.preproc,crypt-test.o,2398
replaypc-0.4.0.preproc,crypt.o,1496
replaypc-0.4.0.preproc,dump-addressbook.o,788
replaypc-0.4.0.preproc,dump-cg2.o,734
replaypc-0.4.0.preproc,dump-channelset.o,624
replaypc-0.4.0.preproc,dump-filedarray.o,824
replaypc-0.4.0.preproc,dump-guide.o,973
replaypc-0.4.0.preproc,dump-headend.o,597
replaypc-0.4.0.preproc,dump-programset.o,1005
replaypc-0.4.0.preproc,dump-replaychannels.o,531
replaypc-0.4.0.preproc,dump-replayshows.o,526
replaypc-0.4.0.preproc,dump-zipcode2.o,526
replaypc-0.4.0.preproc,dump.o,2649
replaypc-0.4.0.preproc,filedarray.o,434
replaypc-0.4.0.preproc,find-GOPs.o,518
replaypc-0.4.0.preproc,guide.o,10278
replaypc-0.4.0.preproc,guideclient.o,1230
replaypc-0.4.0.preproc,headend.o,1386
replaypc-0.4.0.preproc,httpclient.o,4659
replaypc-0.4.0.preproc,httpfs.o,9409
replaypc-0.4.0.preproc,httpfsclient.o,3904
replaypc-0.4.0.preproc,mark-commercial.o,2768
replaypc-0.4.0.preproc,ndx-dump.o,5679
replaypc-0.4.0.preproc,ndx.o,913
replaypc-0.4.0.preproc,program.o,2993
replaypc-0.4.0.preproc,rddns.o,948
replaypc-0.4.0.preproc,rddnsclient.o,1870
replaypc-0.4.0.preproc,rtv.o,1810
replaypc-0.4.0.preproc,rtvguide.o,2019
replaypc-0.4.0.preproc,sleep.o,90
replaypc-0.4.0.preproc,un-protect.o,1654
replaypc-0.4.0.preproc,version-test.o,279
replaypc-0.4.0.preproc,zipcode.o,611
OpenTCP-1.0.4,arp.c.obj,1848
OpenTCP-1.0.4,bootp.c.obj,1080
OpenTCP-1.0.4,dhcpc.c.obj,2204
OpenTCP-1.0.4,dns.c.obj,1200
OpenTCP-1.0.4,ethernet.c.obj,1444
OpenTCP-1.0.4,http_server.c.obj,1244
OpenTCP-1.0.4,https_callbacks.c.obj,664
OpenTCP-1.0.4,icmp.c.obj,296
OpenTCP-1.0.4,ip.c.obj,1952
OpenTCP-1.0.4,main_demo.c.obj,236
OpenTCP-1.0.4,pop3_client.c.obj,3252
OpenTCP-1.0.4,pop3c_callbacks.c.obj,78
OpenTCP-1.0.4,smtp_client.c.obj,2052
OpenTCP-1.0.4,smtpc_callbacks.c.obj,90
OpenTCP-1.0.4,system.c.obj,1096
OpenTCP-1.0.4,tcp.c.obj,4240
OpenTCP-1.0.4,tcp_client_demo.c.obj,312
OpenTCP-1.0.4,tcp_server_demo.c.obj,296
OpenTCP-1.0.4,tftps.c.obj,740
OpenTCP-1.0.4,timers.c.obj,244
OpenTCP-1.0.4,udp.c.obj,1132
OpenTCP-1.0.4,udp_demo.c.obj,248
bzip2-1.0.2,blocksort.c.obj,5532
bzip2-1.0.2,bzip2.c.obj,15228
bzip2-1.0.2,bzip2recover.c.obj,3386
bzip2-1.0.2,bzlib.c.obj,9704
bzip2-1.0.2,compress.c.obj,12751
bzip2-1.0.2,crctable.c.obj,0
bzip2-1.0.2,decompress.c.obj,8504
bzip2-1.0.2,huffman.c.obj,1118
bzip2-1.0.2,randtable.c.obj,0
mpeg2dec-0.3.1,alloc.c.obj,116
mpeg2dec-0.3.1,cpu_accel.c.obj,12
mpeg2dec-0.3.1,cpu_state.c.obj,10
mpeg2dec-0.3.1,decode.c.obj,2748
mpeg2dec-0.3.1,extract_mpeg2.c.obj,3010
mpeg2dec-0.3.1,getopt.c.obj,0
mpeg2dec-0.3.1,gettimeofday.c.obj,0
mpeg2dec-0.3.1,header.c.obj,3936
mpeg2dec-0.3.1,idct.c.obj,1572
mpeg2dec-0.3.1,idct_alpha.c.obj,0
mpeg2dec-0.3.1,idct_altivec.c.obj,0
mpeg2dec-0.3.1,idct_mlib.c.obj,0
mpeg2dec-0.3.1,idct_mmx.c.obj,0
mpeg2dec-0.3.1,motion_comp.c.obj,3830
mpeg2dec-0.3.1,motion_comp_alpha.c.obj,0
mpeg2dec-0.3.1,motion_comp_altivec.c.obj,0
mpeg2dec-0.3.1,motion_comp_mlib.c.obj,0
mpeg2dec-0.3.1,motion_comp_mmx.c.obj,0
mpeg2dec-0.3.1,mpeg2dec.c.obj,4221
mpeg2dec-0.3.1,slice.c.obj,15850
mpeg2dec-0.3.1,video_out.c.obj,74
mpeg2dec-0.3.1,video_out_dx.c.obj,0
mpeg2dec-0.3.1,video_out_null.c.obj,388
mpeg2dec-0.3.1,video_out_pgm.c.obj,514
mpeg2dec-0.3.1,video_out_sdl.c.obj,721
mpeg2dec-0.3.1,video_out_x11.c.obj,0
mpeg2dec-0.3.1,yuv2rgb.c.obj,3896
mpeg2dec-0.3.1,yuv2rgb_mlib.c.obj,0
mpeg2dec-0.3.1,yuv2rgb_mmx.c.obj,0
jikespg-1.3,ctabs.c.obj,42668
jikespg-1.3,globals.c.obj,48
jikespg-1.3,lpgparse.c.obj,37833
jikespg-1.3,lpgutil.c.obj,4047
jikespg-1.3,main.c.obj,5777
jikespg-1.3,mkfirst.c.obj,12701
jikespg-1.3,mkred.c.obj,5674
jikespg-1.3,mkstates.c.obj,2423
jikespg-1.3,partset.c.obj,1400
jikespg-1.3,prntstat.c.obj,2764
jikespg-1.3,produce.c.obj,9485
jikespg-1.3,ptables.c.obj,2723
jikespg-1.3,remsp.c.obj,6801
jikespg-1.3,resolve.c.obj,10149
jikespg-1.3,spacetab.c.obj,16467
jikespg-1.3,tabutil.c.obj,10868
jikespg-1.3,timetab.c.obj,7998
libmspack,cabc.c.obj,22
libmspack,cabd.c.obj,5506
libmspack,cabd_md5.c.obj,1130
libmspack,cabd_test.c.obj,9115
libmspack,cabextract_md5.c.obj,22944
libmspack,cabrip.c.obj,414
libmspack,chmc.c.obj,22
libmspack,chmd.c.obj,3713
libmspack,chmd_md5.c.obj,1015
libmspack,hlpc.c.obj,22
libmspack,hlpd.c.obj,22
libmspack,kwajc.c.obj,22
libmspack,kwajd.c.obj,22
libmspack,litc.c.obj,22
libmspack,litd.c.obj,22
libmspack,lzxc.c.obj,0
libmspack,lzxd.c.obj,6612
libmspack,md5.c.obj,2876
libmspack,mszipc.c.obj,0
libmspack,mszipd.c.obj,48
libmspack,qtmc.c.obj,0
libmspack,qtmd.c.obj,5104
libmspack,system.c.obj,663
libmspack,szddc.c.obj,22
libmspack,szddd.c.obj,22
compiler,cg.c.obj,2263
compiler,main.c.obj,2360
compiler,parser.c.obj,4292
compiler,scanner.c.obj,3237
compiler,vam.c.obj,3592
compiler,vas.c.obj,5843
teem-1.6.0-src,1op.c.obj,1589
teem-1.6.0-src,2op.c.obj,2100
teem-1.6.0-src,3op.c.obj,2203
teem-1.6.0-src,754.c.obj,1540
teem-1.6.0-src,about.c.obj,2733
teem-1.6.0-src,accessors.c.obj,7951
teem-1.6.0-src,aniso.c.obj,3625
teem-1.6.0-src,apply1D.c.obj,7600
teem-1.6.0-src,arith.c.obj,5708
teem-1.6.0-src,array.c.obj,586
teem-1.6.0-src,arraysNrrd.c.obj,0
teem-1.6.0-src,ax.c.obj,3107
teem-1.6.0-src,axdelete.c.obj,1289
teem-1.6.0-src,axinfo.c.obj,1333
teem-1.6.0-src,axinsert.c.obj,1020
teem-1.6.0-src,axis.c.obj,2720
teem-1.6.0-src,axmerge.c.obj,1293
teem-1.6.0-src,axsplit.c.obj,1068
teem-1.6.0-src,bday.c.obj,972
teem-1.6.0-src,biff.c.obj,2345
teem-1.6.0-src,bimod.c.obj,6021
teem-1.6.0-src,block.c.obj,1053
teem-1.6.0-src,bounds.c.obj,8416
teem-1.6.0-src,bow.c.obj,556
teem-1.6.0-src,cam.c.obj,5315
teem-1.6.0-src,cc.c.obj,10407
teem-1.6.0-src,ccadj.c.obj,1111
teem-1.6.0-src,ccfind.c.obj,1638
teem-1.6.0-src,ccmerge.c.obj,2539
teem-1.6.0-src,ccmethods.c.obj,1164
teem-1.6.0-src,ccsettle.c.obj,962
teem-1.6.0-src,chan.c.obj,8146
teem-1.6.0-src,clip.c.obj,677
teem-1.6.0-src,cmedian.c.obj,2396
teem-1.6.0-src,color.c.obj,8554
teem-1.6.0-src,comment.c.obj,518
teem-1.6.0-src,conv.c.obj,368
teem-1.6.0-src,convert.c.obj,1095
teem-1.6.0-src,convertDye.c.obj,3216
teem-1.6.0-src,convertNrrd.c.obj,5166
teem-1.6.0-src,convo.c.obj,1777
teem-1.6.0-src,coreAlan.c.obj,4071
teem-1.6.0-src,crop.c.obj,1314
teem-1.6.0-src,ctx.c.obj,4340
teem-1.6.0-src,cubicEll.c.obj,2176
teem-1.6.0-src,data.c.obj,1262
teem-1.6.0-src,defaultsBane.c.obj,5
teem-1.6.0-src,defaultsGage.c.obj,5
teem-1.6.0-src,defaultsHest.c.obj,0
teem-1.6.0-src,defaultsHoover.c.obj,7
teem-1.6.0-src,defaultsLimn.c.obj,5
teem-1.6.0-src,defaultsMite.c.obj,5
teem-1.6.0-src,defaultsMoss.c.obj,5
teem-1.6.0-src,defaultsNrrd.c.obj,611
teem-1.6.0-src,defaultsTen.c.obj,16
teem-1.6.0-src,dehex.c.obj,743
teem-1.6.0-src,dhisto.c.obj,1274
teem-1.6.0-src,dice.c.obj,1749
teem-1.6.0-src,dio.c.obj,1890
teem-1.6.0-src,doubleprint.c.obj,574
teem-1.6.0-src,eigen.c.obj,4608
teem-1.6.0-src,encoding.c.obj,620
teem-1.6.0-src,encodingAscii.c.obj,1407
teem-1.6.0-src,encodingBzip2.c.obj,533
teem-1.6.0-src,encodingGzip.c.obj,598
teem-1.6.0-src,encodingHex.c.obj,1525
teem-1.6.0-src,encodingRaw.c.obj,1837
teem-1.6.0-src,endianAir.c.obj,4
teem-1.6.0-src,endianNrrd.c.obj,320
teem-1.6.0-src,enhex.c.obj,671
teem-1.6.0-src,enum.c.obj,1096
teem-1.6.0-src,enumsAlan.c.obj,0
teem-1.6.0-src,enumsEcho.c.obj,0
teem-1.6.0-src,enumsNrrd.c.obj,0
teem-1.6.0-src,enumsTen.c.obj,0
teem-1.6.0-src,env.c.obj,1108
teem-1.6.0-src,epireg.c.obj,13090
teem-1.6.0-src,ex0.c.obj,504
teem-1.6.0-src,ex1.c.obj,1164
teem-1.6.0-src,ex2.c.obj,873
teem-1.6.0-src,ex3.c.obj,1405
teem-1.6.0-src,ex4.c.obj,1059
teem-1.6.0-src,ex5.c.obj,702
teem-1.6.0-src,fiber.c.obj,4521
teem-1.6.0-src,fiberMethods.c.obj,2452
teem-1.6.0-src,filt.c.obj,5028
teem-1.6.0-src,filter.c.obj,3226
teem-1.6.0-src,flip.c.obj,759
teem-1.6.0-src,floatprint.c.obj,578
teem-1.6.0-src,flotsam.c.obj,2318
teem-1.6.0-src,format.c.obj,652
teem-1.6.0-src,formatEPS.c.obj,2322
teem-1.6.0-src,formatNRRD.c.obj,3485
teem-1.6.0-src,formatPNG.c.obj,696
teem-1.6.0-src,formatPNM.c.obj,2868
teem-1.6.0-src,formatText.c.obj,2652
teem-1.6.0-src,formatVTK.c.obj,5622
teem-1.6.0-src,fp.c.obj,1539
teem-1.6.0-src,gamma.c.obj,1271
teem-1.6.0-src,genmat.c.obj,3153
teem-1.6.0-src,genvol.c.obj,1661
teem-1.6.0-src,gkmsFlotsam.c.obj,1920
teem-1.6.0-src,gkmsHvol.c.obj,2689
teem-1.6.0-src,gkmsInfo.c.obj,1242
teem-1.6.0-src,gkmsMite.c.obj,1091
teem-1.6.0-src,gkmsOpac.c.obj,3053
teem-1.6.0-src,gkmsPvg.c.obj,2595
teem-1.6.0-src,gkmsScat.c.obj,1469
teem-1.6.0-src,gkmsTxf.c.obj,3010
teem-1.6.0-src,glyph.c.obj,5284
teem-1.6.0-src,gzio.c.obj,0
teem-1.6.0-src,head.c.obj,1309
teem-1.6.0-src,heq.c.obj,1964
teem-1.6.0-src,hestLimn.c.obj,957
teem-1.6.0-src,hestMoss.c.obj,997
teem-1.6.0-src,hestNrrd.c.obj,998
teem-1.6.0-src,histax.c.obj,1222
teem-1.6.0-src,histo.c.obj,1413
teem-1.6.0-src,histogram.c.obj,5792
teem-1.6.0-src,hvol.c.obj,6745
teem-1.6.0-src,imap.c.obj,2340
teem-1.6.0-src,inc.c.obj,3046
teem-1.6.0-src,inset.c.obj,1282
teem-1.6.0-src,intx.c.obj,13915
teem-1.6.0-src,invert.c.obj,623
teem-1.6.0-src,io.c.obj,823
teem-1.6.0-src,iter.c.obj,644
teem-1.6.0-src,jhisto.c.obj,2473
teem-1.6.0-src,join.c.obj,1420
teem-1.6.0-src,kernel.c.obj,22252
teem-1.6.0-src,keyvalue.c.obj,824
teem-1.6.0-src,kv.c.obj,344
teem-1.6.0-src,light.c.obj,400
teem-1.6.0-src,lightEcho.c.obj,692
teem-1.6.0-src,list.c.obj,1550
teem-1.6.0-src,lut.c.obj,1990
teem-1.6.0-src,make.c.obj,6179
teem-1.6.0-src,map.c.obj,292
teem-1.6.0-src,mat.c.obj,24154
teem-1.6.0-src,matter.c.obj,336
teem-1.6.0-src,measr.c.obj,292
teem-1.6.0-src,measure.c.obj,9207
teem-1.6.0-src,methodsAlan.c.obj,2060
teem-1.6.0-src,methodsBane.c.obj,576
teem-1.6.0-src,methodsDye.c.obj,1172
teem-1.6.0-src,methodsEcho.c.obj,587
teem-1.6.0-src,methodsHest.c.obj,2273
teem-1.6.0-src,methodsHoover.c.obj,1662
teem-1.6.0-src,methodsLimn.c.obj,328
teem-1.6.0-src,methodsMoss.c.obj,980
teem-1.6.0-src,methodsNrrd.c.obj,4122
teem-1.6.0-src,minmax.c.obj,292
teem-1.6.0-src,miscAir.c.obj,3912
teem-1.6.0-src,miscEll.c.obj,1267
teem-1.6.0-src,miscGage.c.obj,572
teem-1.6.0-src,miscTen.c.obj,3490
teem-1.6.0-src,mod.c.obj,3139
teem-1.6.0-src,model.c.obj,1232
teem-1.6.0-src,mop.c.obj,1062
teem-1.6.0-src,obj.c.obj,766
teem-1.6.0-src,objmethods.c.obj,1016
teem-1.6.0-src,opac.c.obj,460
teem-1.6.0-src,pad.c.obj,1644
teem-1.6.0-src,parseAir.c.obj,1360
teem-1.6.0-src,parseHest.c.obj,11591
teem-1.6.0-src,parseNrrd.c.obj,5594
teem-1.6.0-src,permute.c.obj,941
teem-1.6.0-src,pos.c.obj,516
teem-1.6.0-src,print.c.obj,5700
teem-1.6.0-src,project.c.obj,1818
teem-1.6.0-src,pvl.c.obj,1397
teem-1.6.0-src,qn.c.obj,2920
teem-1.6.0-src,quadvol.c.obj,1600
teem-1.6.0-src,quantize.c.obj,1546
teem-1.6.0-src,quat.c.obj,15396
teem-1.6.0-src,range.c.obj,668
teem-1.6.0-src,rangeBane.c.obj,947
teem-1.6.0-src,ray.c.obj,4192
teem-1.6.0-src,rays.c.obj,3680
teem-1.6.0-src,read.c.obj,2578
teem-1.6.0-src,renderEcho.c.obj,4752
teem-1.6.0-src,renderLimn.c.obj,3098
teem-1.6.0-src,renderMite.c.obj,1102
teem-1.6.0-src,reorder.c.obj,8353
teem-1.6.0-src,resample.c.obj,3262
teem-1.6.0-src,resampleNrrd.c.obj,6241
teem-1.6.0-src,reshape.c.obj,930
teem-1.6.0-src,rmap.c.obj,2427
teem-1.6.0-src,sampler.c.obj,2142
teem-1.6.0-src,sane.c.obj,3031
teem-1.6.0-src,save.c.obj,2732
teem-1.6.0-src,scat.c.obj,734
teem-1.6.0-src,scl.c.obj,0
teem-1.6.0-src,sclanswer.c.obj,6557
teem-1.6.0-src,sclfilter.c.obj,9888
teem-1.6.0-src,sclprint.c.obj,987
teem-1.6.0-src,set.c.obj,1272
teem-1.6.0-src,shape.c.obj,3177
teem-1.6.0-src,shapes.c.obj,3692
teem-1.6.0-src,shuffle.c.obj,1557
teem-1.6.0-src,sigma.c.obj,152
teem-1.6.0-src,simple.c.obj,4453
teem-1.6.0-src,slice.c.obj,1186
teem-1.6.0-src,soid.c.obj,3093
teem-1.6.0-src,sort3.c.obj,652
teem-1.6.0-src,splice.c.obj,1322
teem-1.6.0-src,splineEval.c.obj,5967
teem-1.6.0-src,splineMethods.c.obj,4464
teem-1.6.0-src,splineMisc.c.obj,2291
teem-1.6.0-src,sqd.c.obj,7730
teem-1.6.0-src,st.c.obj,3044
teem-1.6.0-src,string.c.obj,1064
teem-1.6.0-src,strings.c.obj,1143
teem-1.6.0-src,stub.c.obj,100
teem-1.6.0-src,subset.c.obj,2370
teem-1.6.0-src,superset.c.obj,4187
teem-1.6.0-src,swap.c.obj,786
teem-1.6.0-src,tbc.c.obj,1612
teem-1.6.0-src,tblah.c.obj,1104
teem-1.6.0-src,tcam.c.obj,1283
teem-1.6.0-src,tcamanim.c.obj,3314
teem-1.6.0-src,tem.c.obj,1015
teem-1.6.0-src,tenGage.c.obj,3368
teem-1.6.0-src,tendAnhist.c.obj,1117
teem-1.6.0-src,tendAnplot.c.obj,1602
teem-1.6.0-src,tendAnscale.c.obj,1337
teem-1.6.0-src,tendAnvol.c.obj,1419
teem-1.6.0-src,tendBmat.c.obj,1281
teem-1.6.0-src,tendEllipse.c.obj,2330
teem-1.6.0-src,tendEpireg.c.obj,4364
teem-1.6.0-src,tendEstim.c.obj,3732
teem-1.6.0-src,tendEval.c.obj,1519
teem-1.6.0-src,tendEvaladd.c.obj,912
teem-1.6.0-src,tendEvalclamp.c.obj,1199
teem-1.6.0-src,tendEvalpow.c.obj,827
teem-1.6.0-src,tendEvec.c.obj,1569
teem-1.6.0-src,tendEvecrgb.c.obj,1822
teem-1.6.0-src,tendEvq.c.obj,2127
teem-1.6.0-src,tendExpand.c.obj,1386
teem-1.6.0-src,tendFiber.c.obj,2465
teem-1.6.0-src,tendFlotsam.c.obj,1167
teem-1.6.0-src,tendGlyph.c.obj,6389
teem-1.6.0-src,tendMake.c.obj,911
teem-1.6.0-src,tendNorm.c.obj,1216
teem-1.6.0-src,tendPoint.c.obj,1613
teem-1.6.0-src,tendSatin.c.obj,5144
teem-1.6.0-src,tendShrink.c.obj,894
teem-1.6.0-src,tendSim.c.obj,1293
teem-1.6.0-src,tendSlice.c.obj,942
teem-1.6.0-src,tendSten.c.obj,1258
teem-1.6.0-src,tensor.c.obj,6250
teem-1.6.0-src,test.c.obj,868
teem-1.6.0-src,tg.c.obj,2490
teem-1.6.0-src,thread.c.obj,268
teem-1.6.0-src,threadAir.c.obj,1192
teem-1.6.0-src,tinfo.c.obj,495
teem-1.6.0-src,tkernel.c.obj,1869
teem-1.6.0-src,tline.c.obj,432
teem-1.6.0-src,tmfKernel.c.obj,153349
teem-1.6.0-src,tmop.c.obj,568
teem-1.6.0-src,tok.c.obj,268
teem-1.6.0-src,tps.c.obj,2320
teem-1.6.0-src,tq.c.obj,6066
teem-1.6.0-src,trand.c.obj,156
teem-1.6.0-src,transform.c.obj,3083
teem-1.6.0-src,tread.c.obj,268
teem-1.6.0-src,trend.c.obj,6676
teem-1.6.0-src,trex.c.obj,336
teem-1.6.0-src,trnsf.c.obj,4464
teem-1.6.0-src,tspline.c.obj,1934
teem-1.6.0-src,tspot.c.obj,902
teem-1.6.0-src,tt.c.obj,2683
teem-1.6.0-src,txf.c.obj,3396
teem-1.6.0-src,typestest.c.obj,384
teem-1.6.0-src,unblock.c.obj,1082
teem-1.6.0-src,unquantize.c.obj,1103
teem-1.6.0-src,update.c.obj,4581
teem-1.6.0-src,usage.c.obj,2735
teem-1.6.0-src,user.c.obj,844
teem-1.6.0-src,valid.c.obj,2315
teem-1.6.0-src,vecEll.c.obj,1592
teem-1.6.0-src,vecGage.c.obj,2728
teem-1.6.0-src,vecprint.c.obj,64
teem-1.6.0-src,winKernel.c.obj,18896
teem-1.6.0-src,write.c.obj,3933
teem-1.6.0-src,xform.c.obj,3017
ttt-0.10.1.preproc,connect4.o,7569
ttt-0.10.1.preproc,engine.o,3992
ttt-0.10.1.preproc,main.o,1907
ttt-0.10.1.preproc,parse.o,2646
ttt-0.10.1.preproc,ttt.o,10373
ttt-0.10.1.preproc,util.o,2501
unrarlib-0.4.0,getfile.c.obj,698
unrarlib-0.4.0,listarchive.c.obj,879
unrarlib-0.4.0,unrarlib.c.obj,10662
libpng-1.2.5,png.c.obj,2694
libpng-1.2.5,png2pnm.c.obj,2316
libpng-1.2.5,pngerror.c.obj,810
libpng-1.2.5,pngget.c.obj,2560
libpng-1.2.5,pngmem.c.obj,594
libpng-1.2.5,pngpread.c.obj,6931
libpng-1.2.5,pngread.c.obj,7523
libpng-1.2.5,pngrio.c.obj,317
libpng-1.2.5,pngrtran.c.obj,16962
libpng-1.2.5,pngrutil.c.obj,15057
libpng-1.2.5,pngset.c.obj,5792
libpng-1.2.5,pngtest.c.obj,5500
libpng-1.2.5,pngtrans.c.obj,2044
libpng-1.2.5,pngwio.c.obj,368
libpng-1.2.5,pngwrite.c.obj,5885
libpng-1.2.5,pngwtran.c.obj,1424
libpng-1.2.5,pngwutil.c.obj,11951
libpng-1.2.5,pnm2png.c.obj,2559
flex-2.5.31,buf.c.obj,947
flex-2.5.31,ccl.c.obj,758
flex-2.5.31,dfa.c.obj,5809
flex-2.5.31,ecs.c.obj,566
flex-2.5.31,filter.c.obj,1853
flex-2.5.31,gen.c.obj,21627
flex-2.5.31,libmain.c.obj,24
flex-2.5.31,libyywrap.c.obj,12
flex-2.5.31,main.c.obj,15270
flex-2.5.31,misc.c.obj,5498
flex-2.5.31,nfa.c.obj,3093
flex-2.5.31,options.c.obj,1230
flex-2.5.31,parse.c.obj,8866
flex-2.5.31,regex.c.obj,500
flex-2.5.31,scan.c.obj,38673
flex-2.5.31,scanopt.c.obj,2931
flex-2.5.31,skel.c.obj,79802
flex-2.5.31,sym.c.obj,816
flex-2.5.31,tables.c.obj,1807
flex-2.5.31,tables_shared.c.obj,38
flex-2.5.31,tblcmp.c.obj,3372
flex-2.5.31,yylex.c.obj,652
cg_compiler_opensrc,atom.c.obj,3158
cg_compiler_opensrc,binding.c.obj,1579
cg_compiler_opensrc,cgcmain.c.obj,2076
cg_compiler_opensrc,cgstruct.c.obj,76
cg_compiler_opensrc,check.c.obj,2930
cg_compiler_opensrc,compile.c.obj,11954
cg_compiler_opensrc,constfold.c.obj,2892
cg_compiler_opensrc,cpp.c.obj,5764
cg_compiler_opensrc,generic_hal.c.obj,1488
cg_compiler_opensrc,hal.c.obj,2303
cg_compiler_opensrc,inline.c.obj,2404
cg_compiler_opensrc,memory.c.obj,476
cg_compiler_opensrc,parser.c.obj,13152
cg_compiler_opensrc,printutils.c.obj,8938
cg_compiler_opensrc,scanner.c.obj,5203
cg_compiler_opensrc,semantic.c.obj,3618
cg_compiler_opensrc,stdlib.c.obj,10
cg_compiler_opensrc,support.c.obj,20872
cg_compiler_opensrc,support_iter.c.obj,2214
cg_compiler_opensrc,symbols.c.obj,6291
cg_compiler_opensrc,tokenize.c.obj,757
cg_compiler_opensrc,tokens.c.obj,2652
lwip-0.5.3.preproc,api_lib.o,5147
lwip-0.5.3.preproc,api_msg.o,4332
lwip-0.5.3.preproc,arp.o,2424
lwip-0.5.3.preproc,err.o,0
lwip-0.5.3.preproc,fs.o,40271
lwip-0.5.3.preproc,httpd.o,1614
lwip-0.5.3.preproc,icmp.o,1693
lwip-0.5.3.preproc,inet.o,946
lwip-0.5.3.preproc,ip.o,2968
lwip-0.5.3.preproc,ip_addr.o,0
lwip-0.5.3.preproc,loopif.o,313
lwip-0.5.3.preproc,mem.o,2133
lwip-0.5.3.preproc,memp.o,2054
lwip-0.5.3.preproc,netif.o,798
lwip-0.5.3.preproc,pbuf.o,3367
lwip-0.5.3.preproc,shell.o,12497
lwip-0.5.3.preproc,simhost.o,722
lwip-0.5.3.preproc,simnode.o,659
lwip-0.5.3.preproc,simrouter.o,844
lwip-0.5.3.preproc,sockets.o,2686
lwip-0.5.3.preproc,stats.o,78
lwip-0.5.3.preproc,sys.o,1044
lwip-0.5.3.preproc,tcp.o,6733
lwip-0.5.3.preproc,tcp_input.o,10939
lwip-0.5.3.preproc,tcp_output.o,5832
lwip-0.5.3.preproc,tcpdump.o,1993
lwip-0.5.3.preproc,tcpecho.o,332
lwip-0.5.3.preproc,tcpip.o,706
lwip-0.5.3.preproc,udp.o,2607
lwip-0.5.3.preproc,udpecho.o,394
