Compiler version,clang version 5.0.0 (trunk 301940)
Compiler flags,--target=arm-none-eabi -Oz -mcpu=cortex-m0 -mthumb

Date,2017-05-02
Revision,301940

mpgcut-1.1,mpgcut.c.obj,7415
jpeg-6b,ansi2knr.c.obj,2205
jpeg-6b,cdjpeg.c.obj,140
jpeg-6b,cjpeg.c.obj,5083
jpeg-6b,ckconfig.c.obj,2192
jpeg-6b,djpeg.c.obj,5482
jpeg-6b,jcapimin.c.obj,750
jpeg-6b,jcapistd.c.obj,418
jpeg-6b,jccoefct.c.obj,1548
jpeg-6b,jccolor.c.obj,1464
jpeg-6b,jcdctmgr.c.obj,1244
jpeg-6b,jchuff.c.obj,2876
jpeg-6b,jcinit.c.obj,162
jpeg-6b,jcmainct.c.obj,370
jpeg-6b,jcmarker.c.obj,1828
jpeg-6b,jcmaster.c.obj,2372
jpeg-6b,jcomapi.c.obj,160
jpeg-6b,jcparam.c.obj,2768
jpeg-6b,jcphuff.c.obj,2440
jpeg-6b,jcprepct.c.obj,1178
jpeg-6b,jcsample.c.obj,1844
jpeg-6b,jctrans.c.obj,1174
jpeg-6b,jdapimin.c.obj,900
jpeg-6b,jdapistd.c.obj,840
jpeg-6b,jdatadst.c.obj,242
jpeg-6b,jdatasrc.c.obj,286
jpeg-6b,jdcoefct.c.obj,2952
jpeg-6b,jdcolor.c.obj,1118
jpeg-6b,jddctmgr.c.obj,764
jpeg-6b,jdhuff.c.obj,2296
jpeg-6b,jdinput.c.obj,1196
jpeg-6b,jdmainct.c.obj,1414
jpeg-6b,jdmarker.c.obj,5612
jpeg-6b,jdmaster.c.obj,1586
jpeg-6b,jdmerge.c.obj,1290
jpeg-6b,jdphuff.c.obj,2664
jpeg-6b,jdpostct.c.obj,790
jpeg-6b,jdsample.c.obj,1608
jpeg-6b,jdtrans.c.obj,314
jpeg-6b,jerror.c.obj,5466
jpeg-6b,jfdctflt.c.obj,932
jpeg-6b,jfdctfst.c.obj,526
jpeg-6b,jfdctint.c.obj,784
jpeg-6b,jidctflt.c.obj,1256
jpeg-6b,jidctfst.c.obj,936
jpeg-6b,jidctint.c.obj,1112
jpeg-6b,jidctred.c.obj,1244
jpeg-6b,jmemmgr.c.obj,2724
jpeg-6b,jmemnobs.c.obj,138
jpeg-6b,jpegtran.c.obj,3352
jpeg-6b,jquant1.c.obj,2442
jpeg-6b,jquant2.c.obj,3488
jpeg-6b,jutils.c.obj,458
jpeg-6b,rdbmp.c.obj,1482
jpeg-6b,rdcolmap.c.obj,830
jpeg-6b,rdgif.c.obj,96
jpeg-6b,rdjpgcom.c.obj,1922
jpeg-6b,rdppm.c.obj,1356
jpeg-6b,rdrle.c.obj,0
jpeg-6b,rdswitch.c.obj,1591
jpeg-6b,rdtarga.c.obj,1440
jpeg-6b,transupp.c.obj,4098
jpeg-6b,wrbmp.c.obj,1452
jpeg-6b,wrgif.c.obj,1062
jpeg-6b,wrjpgcom.c.obj,2557
jpeg-6b,wrppm.c.obj,542
jpeg-6b,wrrle.c.obj,0
jpeg-6b,wrtarga.c.obj,674
zlib-1.1.4,adler32.c.obj,260
zlib-1.1.4,compress.c.obj,132
zlib-1.1.4,crc32.c.obj,1268
zlib-1.1.4,deflate.c.obj,4828
zlib-1.1.4,example.c.obj,3525
zlib-1.1.4,gzio.c.obj,2912
zlib-1.1.4,infblock.c.obj,3146
zlib-1.1.4,infcodes.c.obj,1544
zlib-1.1.4,inffast.c.obj,952
zlib-1.1.4,inflate.c.obj,1558
zlib-1.1.4,inftrees.c.obj,2117
zlib-1.1.4,infutil.c.obj,254
zlib-1.1.4,minigzip.c.obj,1089
zlib-1.1.4,trees.c.obj,7996
zlib-1.1.4,uncompr.c.obj,100
zlib-1.1.4,zutil.c.obj,203
replaypc-0.4.0.preproc,ReplayPC.o,6092
replaypc-0.4.0.preproc,addressbook.o,1183
replaypc-0.4.0.preproc,bigfile.o,681
replaypc-0.4.0.preproc,build-ndx.o,1000
replaypc-0.4.0.preproc,cg.o,3613
replaypc-0.4.0.preproc,channelset.o,385
replaypc-0.4.0.preproc,crypt-test.o,2398
replaypc-0.4.0.preproc,crypt.o,1496
replaypc-0.4.0.preproc,dump-addressbook.o,788
replaypc-0.4.0.preproc,dump-cg2.o,734
replaypc-0.4.0.preproc,dump-channelset.o,624
replaypc-0.4.0.preproc,dump-filedarray.o,824
replaypc-0.4.0.preproc,dump-guide.o,973
replaypc-0.4.0.preproc,dump-headend.o,597
replaypc-0.4.0.preproc,dump-programset.o,1005
replaypc-0.4.0.preproc,dump-replaychannels.o,531
replaypc-0.4.0.preproc,dump-replayshows.o,526
replaypc-0.4.0.preproc,dump-zipcode2.o,526
replaypc-0.4.0.preproc,dump.o,2649
replaypc-0.4.0.preproc,filedarray.o,434
replaypc-0.4.0.preproc,find-GOPs.o,518
replaypc-0.4.0.preproc,guide.o,10278
replaypc-0.4.0.preproc,guideclient.o,1230
replaypc-0.4.0.preproc,headend.o,1386
replaypc-0.4.0.preproc,httpclient.o,4659
replaypc-0.4.0.preproc,httpfs.o,9409
replaypc-0.4.0.preproc,httpfsclient.o,3904
replaypc-0.4.0.preproc,mark-commercial.o,2768
replaypc-0.4.0.preproc,ndx-dump.o,5679
replaypc-0.4.0.preproc,ndx.o,913
replaypc-0.4.0.preproc,program.o,2993
replaypc-0.4.0.preproc,rddns.o,948
replaypc-0.4.0.preproc,rddnsclient.o,1870
replaypc-0.4.0.preproc,rtv.o,1810
replaypc-0.4.0.preproc,rtvguide.o,2019
replaypc-0.4.0.preproc,sleep.o,90
replaypc-0.4.0.preproc,un-protect.o,1654
replaypc-0.4.0.preproc,version-test.o,279
replaypc-0.4.0.preproc,zipcode.o,611
OpenTCP-1.0.4,arp.c.obj,1672
OpenTCP-1.0.4,bootp.c.obj,1052
OpenTCP-1.0.4,dhcpc.c.obj,1906
OpenTCP-1.0.4,dns.c.obj,1192
OpenTCP-1.0.4,ethernet.c.obj,1896
OpenTCP-1.0.4,http_server.c.obj,1180
OpenTCP-1.0.4,https_callbacks.c.obj,624
OpenTCP-1.0.4,icmp.c.obj,280
OpenTCP-1.0.4,ip.c.obj,1320
OpenTCP-1.0.4,main_demo.c.obj,236
OpenTCP-1.0.4,pop3_client.c.obj,2900
OpenTCP-1.0.4,pop3c_callbacks.c.obj,78
OpenTCP-1.0.4,smtp_client.c.obj,1628
OpenTCP-1.0.4,smtpc_callbacks.c.obj,90
OpenTCP-1.0.4,system.c.obj,1076
OpenTCP-1.0.4,tcp.c.obj,4216
OpenTCP-1.0.4,tcp_client_demo.c.obj,308
OpenTCP-1.0.4,tcp_server_demo.c.obj,288
OpenTCP-1.0.4,tftps.c.obj,728
OpenTCP-1.0.4,timers.c.obj,244
OpenTCP-1.0.4,udp.c.obj,1128
OpenTCP-1.0.4,udp_demo.c.obj,240
bzip2-1.0.2,blocksort.c.obj,5692
bzip2-1.0.2,bzip2.c.obj,15024
bzip2-1.0.2,bzip2recover.c.obj,3114
bzip2-1.0.2,bzlib.c.obj,9220
bzip2-1.0.2,compress.c.obj,6703
bzip2-1.0.2,crctable.c.obj,0
bzip2-1.0.2,decompress.c.obj,8028
bzip2-1.0.2,huffman.c.obj,958
bzip2-1.0.2,randtable.c.obj,0
mpeg2dec-0.3.1,alloc.c.obj,116
mpeg2dec-0.3.1,cpu_accel.c.obj,12
mpeg2dec-0.3.1,cpu_state.c.obj,10
mpeg2dec-0.3.1,decode.c.obj,2228
mpeg2dec-0.3.1,extract_mpeg2.c.obj,3058
mpeg2dec-0.3.1,getopt.c.obj,0
mpeg2dec-0.3.1,gettimeofday.c.obj,0
mpeg2dec-0.3.1,header.c.obj,3880
mpeg2dec-0.3.1,idct.c.obj,1260
mpeg2dec-0.3.1,idct_alpha.c.obj,0
mpeg2dec-0.3.1,idct_altivec.c.obj,0
mpeg2dec-0.3.1,idct_mlib.c.obj,0
mpeg2dec-0.3.1,idct_mmx.c.obj,0
mpeg2dec-0.3.1,motion_comp.c.obj,3770
mpeg2dec-0.3.1,motion_comp_alpha.c.obj,0
mpeg2dec-0.3.1,motion_comp_altivec.c.obj,0
mpeg2dec-0.3.1,motion_comp_mlib.c.obj,0
mpeg2dec-0.3.1,motion_comp_mmx.c.obj,0
mpeg2dec-0.3.1,mpeg2dec.c.obj,4133
mpeg2dec-0.3.1,slice.c.obj,15314
mpeg2dec-0.3.1,video_out.c.obj,74
mpeg2dec-0.3.1,video_out_dx.c.obj,0
mpeg2dec-0.3.1,video_out_null.c.obj,300
mpeg2dec-0.3.1,video_out_pgm.c.obj,504
mpeg2dec-0.3.1,video_out_sdl.c.obj,709
mpeg2dec-0.3.1,video_out_x11.c.obj,0
mpeg2dec-0.3.1,yuv2rgb.c.obj,3928
mpeg2dec-0.3.1,yuv2rgb_mlib.c.obj,0
mpeg2dec-0.3.1,yuv2rgb_mmx.c.obj,0
jikespg-1.3,ctabs.c.obj,42184
jikespg-1.3,globals.c.obj,48
jikespg-1.3,lpgparse.c.obj,35949
jikespg-1.3,lpgutil.c.obj,3883
jikespg-1.3,main.c.obj,5733
jikespg-1.3,mkfirst.c.obj,11821
jikespg-1.3,mkred.c.obj,5434
jikespg-1.3,mkstates.c.obj,2267
jikespg-1.3,partset.c.obj,1292
jikespg-1.3,prntstat.c.obj,2780
jikespg-1.3,produce.c.obj,8597
jikespg-1.3,ptables.c.obj,2611
jikespg-1.3,remsp.c.obj,5973
jikespg-1.3,resolve.c.obj,9473
jikespg-1.3,spacetab.c.obj,15607
jikespg-1.3,tabutil.c.obj,10296
jikespg-1.3,timetab.c.obj,7546
libmspack,cabc.c.obj,22
libmspack,cabd.c.obj,5396
libmspack,cabd_md5.c.obj,1126
libmspack,cabd_test.c.obj,9095
libmspack,cabextract_md5.c.obj,22612
libmspack,cabrip.c.obj,414
libmspack,chmc.c.obj,22
libmspack,chmd.c.obj,3461
libmspack,chmd_md5.c.obj,997
libmspack,hlpc.c.obj,22
libmspack,hlpd.c.obj,22
libmspack,kwajc.c.obj,22
libmspack,kwajd.c.obj,22
libmspack,litc.c.obj,22
libmspack,litd.c.obj,22
libmspack,lzxc.c.obj,0
libmspack,lzxd.c.obj,6632
libmspack,md5.c.obj,2812
libmspack,mszipc.c.obj,0
libmspack,mszipd.c.obj,48
libmspack,qtmc.c.obj,0
libmspack,qtmd.c.obj,4756
libmspack,system.c.obj,659
libmspack,szddc.c.obj,22
libmspack,szddd.c.obj,22
compiler,cg.c.obj,2195
compiler,main.c.obj,2048
compiler,parser.c.obj,4108
compiler,scanner.c.obj,2873
compiler,vam.c.obj,3604
compiler,vas.c.obj,5390
teem-1.6.0-src,1op.c.obj,1593
teem-1.6.0-src,2op.c.obj,2100
teem-1.6.0-src,3op.c.obj,2203
teem-1.6.0-src,754.c.obj,1560
teem-1.6.0-src,about.c.obj,2729
teem-1.6.0-src,accessors.c.obj,7701
teem-1.6.0-src,aniso.c.obj,3649
teem-1.6.0-src,apply1D.c.obj,7512
teem-1.6.0-src,arith.c.obj,5600
teem-1.6.0-src,array.c.obj,584
teem-1.6.0-src,arraysNrrd.c.obj,0
teem-1.6.0-src,ax.c.obj,3195
teem-1.6.0-src,axdelete.c.obj,1269
teem-1.6.0-src,axinfo.c.obj,1329
teem-1.6.0-src,axinsert.c.obj,1032
teem-1.6.0-src,axis.c.obj,2880
teem-1.6.0-src,axmerge.c.obj,1261
teem-1.6.0-src,axsplit.c.obj,1072
teem-1.6.0-src,bday.c.obj,984
teem-1.6.0-src,biff.c.obj,2225
teem-1.6.0-src,bimod.c.obj,5961
teem-1.6.0-src,block.c.obj,1053
teem-1.6.0-src,bounds.c.obj,8384
teem-1.6.0-src,bow.c.obj,556
teem-1.6.0-src,cam.c.obj,5395
teem-1.6.0-src,cc.c.obj,10224
teem-1.6.0-src,ccadj.c.obj,1095
teem-1.6.0-src,ccfind.c.obj,1630
teem-1.6.0-src,ccmerge.c.obj,2555
teem-1.6.0-src,ccmethods.c.obj,1120
teem-1.6.0-src,ccsettle.c.obj,966
teem-1.6.0-src,chan.c.obj,8094
teem-1.6.0-src,clip.c.obj,657
teem-1.6.0-src,cmedian.c.obj,2408
teem-1.6.0-src,color.c.obj,8246
teem-1.6.0-src,comment.c.obj,482
teem-1.6.0-src,conv.c.obj,368
teem-1.6.0-src,convert.c.obj,1079
teem-1.6.0-src,convertDye.c.obj,3204
teem-1.6.0-src,convertNrrd.c.obj,5050
teem-1.6.0-src,convo.c.obj,1729
teem-1.6.0-src,coreAlan.c.obj,4047
teem-1.6.0-src,crop.c.obj,1282
teem-1.6.0-src,ctx.c.obj,4344
teem-1.6.0-src,cubicEll.c.obj,2180
teem-1.6.0-src,data.c.obj,1242
teem-1.6.0-src,defaultsBane.c.obj,5
teem-1.6.0-src,defaultsGage.c.obj,5
teem-1.6.0-src,defaultsHest.c.obj,0
teem-1.6.0-src,defaultsHoover.c.obj,7
teem-1.6.0-src,defaultsLimn.c.obj,5
teem-1.6.0-src,defaultsMite.c.obj,5
teem-1.6.0-src,defaultsMoss.c.obj,5
teem-1.6.0-src,defaultsNrrd.c.obj,579
teem-1.6.0-src,defaultsTen.c.obj,16
teem-1.6.0-src,dehex.c.obj,743
teem-1.6.0-src,dhisto.c.obj,1274
teem-1.6.0-src,dice.c.obj,1713
teem-1.6.0-src,dio.c.obj,1890
teem-1.6.0-src,doubleprint.c.obj,574
teem-1.6.0-src,eigen.c.obj,4600
teem-1.6.0-src,encoding.c.obj,608
teem-1.6.0-src,encodingAscii.c.obj,1371
teem-1.6.0-src,encodingBzip2.c.obj,529
teem-1.6.0-src,encodingGzip.c.obj,590
teem-1.6.0-src,encodingHex.c.obj,1517
teem-1.6.0-src,encodingRaw.c.obj,1821
teem-1.6.0-src,endianAir.c.obj,4
teem-1.6.0-src,endianNrrd.c.obj,316
teem-1.6.0-src,enhex.c.obj,667
teem-1.6.0-src,enum.c.obj,832
teem-1.6.0-src,enumsAlan.c.obj,0
teem-1.6.0-src,enumsEcho.c.obj,0
teem-1.6.0-src,enumsNrrd.c.obj,0
teem-1.6.0-src,enumsTen.c.obj,0
teem-1.6.0-src,env.c.obj,1116
teem-1.6.0-src,epireg.c.obj,12714
teem-1.6.0-src,ex0.c.obj,504
teem-1.6.0-src,ex1.c.obj,1120
teem-1.6.0-src,ex2.c.obj,869
teem-1.6.0-src,ex3.c.obj,1401
teem-1.6.0-src,ex4.c.obj,1051
teem-1.6.0-src,ex5.c.obj,702
teem-1.6.0-src,fiber.c.obj,4457
teem-1.6.0-src,fiberMethods.c.obj,2448
teem-1.6.0-src,filt.c.obj,4968
teem-1.6.0-src,filter.c.obj,3198
teem-1.6.0-src,flip.c.obj,743
teem-1.6.0-src,floatprint.c.obj,578
teem-1.6.0-src,flotsam.c.obj,2266
teem-1.6.0-src,format.c.obj,644
teem-1.6.0-src,formatEPS.c.obj,2294
teem-1.6.0-src,formatNRRD.c.obj,3437
teem-1.6.0-src,formatPNG.c.obj,687
teem-1.6.0-src,formatPNM.c.obj,2817
teem-1.6.0-src,formatText.c.obj,2553
teem-1.6.0-src,formatVTK.c.obj,5562
teem-1.6.0-src,fp.c.obj,1535
teem-1.6.0-src,gamma.c.obj,1267
teem-1.6.0-src,genmat.c.obj,3061
teem-1.6.0-src,genvol.c.obj,1573
teem-1.6.0-src,gkmsFlotsam.c.obj,1888
teem-1.6.0-src,gkmsHvol.c.obj,2681
teem-1.6.0-src,gkmsInfo.c.obj,1242
teem-1.6.0-src,gkmsMite.c.obj,1091
teem-1.6.0-src,gkmsOpac.c.obj,3065
teem-1.6.0-src,gkmsPvg.c.obj,2595
teem-1.6.0-src,gkmsScat.c.obj,1481
teem-1.6.0-src,gkmsTxf.c.obj,2958
teem-1.6.0-src,glyph.c.obj,5248
teem-1.6.0-src,gzio.c.obj,0
teem-1.6.0-src,head.c.obj,1285
teem-1.6.0-src,heq.c.obj,1964
teem-1.6.0-src,hestLimn.c.obj,949
teem-1.6.0-src,hestMoss.c.obj,981
teem-1.6.0-src,hestNrrd.c.obj,982
teem-1.6.0-src,histax.c.obj,1230
teem-1.6.0-src,histo.c.obj,1429
teem-1.6.0-src,histogram.c.obj,5779
teem-1.6.0-src,hvol.c.obj,6657
teem-1.6.0-src,imap.c.obj,2364
teem-1.6.0-src,inc.c.obj,3018
teem-1.6.0-src,inset.c.obj,1254
teem-1.6.0-src,intx.c.obj,13843
teem-1.6.0-src,invert.c.obj,627
teem-1.6.0-src,io.c.obj,772
teem-1.6.0-src,iter.c.obj,632
teem-1.6.0-src,jhisto.c.obj,2501
teem-1.6.0-src,join.c.obj,1424
teem-1.6.0-src,kernel.c.obj,22159
teem-1.6.0-src,keyvalue.c.obj,768
teem-1.6.0-src,kv.c.obj,344
teem-1.6.0-src,light.c.obj,408
teem-1.6.0-src,lightEcho.c.obj,688
teem-1.6.0-src,list.c.obj,1472
teem-1.6.0-src,lut.c.obj,1994
teem-1.6.0-src,make.c.obj,6255
teem-1.6.0-src,map.c.obj,288
teem-1.6.0-src,mat.c.obj,24138
teem-1.6.0-src,matter.c.obj,336
teem-1.6.0-src,measr.c.obj,288
teem-1.6.0-src,measure.c.obj,8583
teem-1.6.0-src,methodsAlan.c.obj,2060
teem-1.6.0-src,methodsBane.c.obj,620
teem-1.6.0-src,methodsDye.c.obj,1124
teem-1.6.0-src,methodsEcho.c.obj,545
teem-1.6.0-src,methodsHest.c.obj,2153
teem-1.6.0-src,methodsHoover.c.obj,1666
teem-1.6.0-src,methodsLimn.c.obj,296
teem-1.6.0-src,methodsMoss.c.obj,996
teem-1.6.0-src,methodsNrrd.c.obj,4078
teem-1.6.0-src,minmax.c.obj,292
teem-1.6.0-src,miscAir.c.obj,3872
teem-1.6.0-src,miscEll.c.obj,1283
teem-1.6.0-src,miscGage.c.obj,576
teem-1.6.0-src,miscTen.c.obj,3486
teem-1.6.0-src,mod.c.obj,3099
teem-1.6.0-src,model.c.obj,1124
teem-1.6.0-src,mop.c.obj,1043
teem-1.6.0-src,obj.c.obj,782
teem-1.6.0-src,objmethods.c.obj,1012
teem-1.6.0-src,opac.c.obj,456
teem-1.6.0-src,pad.c.obj,1632
teem-1.6.0-src,parseAir.c.obj,1294
teem-1.6.0-src,parseHest.c.obj,11586
teem-1.6.0-src,parseNrrd.c.obj,5426
teem-1.6.0-src,permute.c.obj,973
teem-1.6.0-src,pos.c.obj,516
teem-1.6.0-src,print.c.obj,5716
teem-1.6.0-src,project.c.obj,1822
teem-1.6.0-src,pvl.c.obj,1401
teem-1.6.0-src,qn.c.obj,2900
teem-1.6.0-src,quadvol.c.obj,1548
teem-1.6.0-src,quantize.c.obj,1542
teem-1.6.0-src,quat.c.obj,15364
teem-1.6.0-src,range.c.obj,612
teem-1.6.0-src,rangeBane.c.obj,951
teem-1.6.0-src,ray.c.obj,4168
teem-1.6.0-src,rays.c.obj,3640
teem-1.6.0-src,read.c.obj,2558
teem-1.6.0-src,renderEcho.c.obj,4784
teem-1.6.0-src,renderLimn.c.obj,3038
teem-1.6.0-src,renderMite.c.obj,1090
teem-1.6.0-src,reorder.c.obj,8250
teem-1.6.0-src,resample.c.obj,3258
teem-1.6.0-src,resampleNrrd.c.obj,5997
teem-1.6.0-src,reshape.c.obj,918
teem-1.6.0-src,rmap.c.obj,2431
teem-1.6.0-src,sampler.c.obj,2142
teem-1.6.0-src,sane.c.obj,3027
teem-1.6.0-src,save.c.obj,2740
teem-1.6.0-src,scat.c.obj,726
teem-1.6.0-src,scl.c.obj,0
teem-1.6.0-src,sclanswer.c.obj,6581
teem-1.6.0-src,sclfilter.c.obj,9856
teem-1.6.0-src,sclprint.c.obj,955
teem-1.6.0-src,set.c.obj,1264
teem-1.6.0-src,shape.c.obj,3221
teem-1.6.0-src,shapes.c.obj,3696
teem-1.6.0-src,shuffle.c.obj,1569
teem-1.6.0-src,sigma.c.obj,148
teem-1.6.0-src,simple.c.obj,4413
teem-1.6.0-src,slice.c.obj,1190
teem-1.6.0-src,soid.c.obj,3137
teem-1.6.0-src,sort3.c.obj,656
teem-1.6.0-src,splice.c.obj,1322
teem-1.6.0-src,splineEval.c.obj,5923
teem-1.6.0-src,splineMethods.c.obj,4440
teem-1.6.0-src,splineMisc.c.obj,2275
teem-1.6.0-src,sqd.c.obj,7634
teem-1.6.0-src,st.c.obj,2980
teem-1.6.0-src,string.c.obj,978
teem-1.6.0-src,strings.c.obj,1151
teem-1.6.0-src,stub.c.obj,100
teem-1.6.0-src,subset.c.obj,2270
teem-1.6.0-src,superset.c.obj,4083
teem-1.6.0-src,swap.c.obj,806
teem-1.6.0-src,tbc.c.obj,1584
teem-1.6.0-src,tblah.c.obj,1004
teem-1.6.0-src,tcam.c.obj,1291
teem-1.6.0-src,tcamanim.c.obj,3290
teem-1.6.0-src,tem.c.obj,1035
teem-1.6.0-src,tenGage.c.obj,3384
teem-1.6.0-src,tendAnhist.c.obj,1125
teem-1.6.0-src,tendAnplot.c.obj,1606
teem-1.6.0-src,tendAnscale.c.obj,1345
teem-1.6.0-src,tendAnvol.c.obj,1431
teem-1.6.0-src,tendBmat.c.obj,1281
teem-1.6.0-src,tendEllipse.c.obj,2322
teem-1.6.0-src,tendEpireg.c.obj,4412
teem-1.6.0-src,tendEstim.c.obj,3772
teem-1.6.0-src,tendEval.c.obj,1543
teem-1.6.0-src,tendEvaladd.c.obj,920
teem-1.6.0-src,tendEvalclamp.c.obj,1211
teem-1.6.0-src,tendEvalpow.c.obj,835
teem-1.6.0-src,tendEvec.c.obj,1585
teem-1.6.0-src,tendEvecrgb.c.obj,1830
teem-1.6.0-src,tendEvq.c.obj,2131
teem-1.6.0-src,tendExpand.c.obj,1390
teem-1.6.0-src,tendFiber.c.obj,2453
teem-1.6.0-src,tendFlotsam.c.obj,1143
teem-1.6.0-src,tendGlyph.c.obj,6365
teem-1.6.0-src,tendMake.c.obj,911
teem-1.6.0-src,tendNorm.c.obj,1224
teem-1.6.0-src,tendPoint.c.obj,1629
teem-1.6.0-src,tendSatin.c.obj,5148
teem-1.6.0-src,tendShrink.c.obj,894
teem-1.6.0-src,tendSim.c.obj,1293
teem-1.6.0-src,tendSlice.c.obj,954
teem-1.6.0-src,tendSten.c.obj,1262
teem-1.6.0-src,tensor.c.obj,6250
teem-1.6.0-src,test.c.obj,880
teem-1.6.0-src,tg.c.obj,2486
teem-1.6.0-src,thread.c.obj,268
teem-1.6.0-src,threadAir.c.obj,1007
teem-1.6.0-src,tinfo.c.obj,491
teem-1.6.0-src,tkernel.c.obj,1789
teem-1.6.0-src,tline.c.obj,392
teem-1.6.0-src,tmfKernel.c.obj,153257
teem-1.6.0-src,tmop.c.obj,596
teem-1.6.0-src,tok.c.obj,244
teem-1.6.0-src,tps.c.obj,2344
teem-1.6.0-src,tq.c.obj,6086
teem-1.6.0-src,trand.c.obj,160
teem-1.6.0-src,transform.c.obj,3119
teem-1.6.0-src,tread.c.obj,264
teem-1.6.0-src,trend.c.obj,6816
teem-1.6.0-src,trex.c.obj,336
teem-1.6.0-src,trnsf.c.obj,4352
teem-1.6.0-src,tspline.c.obj,1946
teem-1.6.0-src,tspot.c.obj,902
teem-1.6.0-src,tt.c.obj,2703
teem-1.6.0-src,txf.c.obj,3234
teem-1.6.0-src,typestest.c.obj,388
teem-1.6.0-src,unblock.c.obj,1086
teem-1.6.0-src,unquantize.c.obj,1103
teem-1.6.0-src,update.c.obj,4486
teem-1.6.0-src,usage.c.obj,2687
teem-1.6.0-src,user.c.obj,838
teem-1.6.0-src,valid.c.obj,2304
teem-1.6.0-src,vecEll.c.obj,1576
teem-1.6.0-src,vecGage.c.obj,2736
teem-1.6.0-src,vecprint.c.obj,64
teem-1.6.0-src,winKernel.c.obj,18892
teem-1.6.0-src,write.c.obj,3973
teem-1.6.0-src,xform.c.obj,3057
ttt-0.10.1.preproc,connect4.o,7569
ttt-0.10.1.preproc,engine.o,3992
ttt-0.10.1.preproc,main.o,1907
ttt-0.10.1.preproc,parse.o,2646
ttt-0.10.1.preproc,ttt.o,10373
ttt-0.10.1.preproc,util.o,2501
unrarlib-0.4.0,getfile.c.obj,690
unrarlib-0.4.0,listarchive.c.obj,859
unrarlib-0.4.0,unrarlib.c.obj,9806
libpng-1.2.5,png.c.obj,2594
libpng-1.2.5,png2pnm.c.obj,2277
libpng-1.2.5,pngerror.c.obj,778
libpng-1.2.5,pngget.c.obj,2556
libpng-1.2.5,pngmem.c.obj,554
libpng-1.2.5,pngpread.c.obj,6583
libpng-1.2.5,pngread.c.obj,7465
libpng-1.2.5,pngrio.c.obj,317
libpng-1.2.5,pngrtran.c.obj,16554
libpng-1.2.5,pngrutil.c.obj,14485
libpng-1.2.5,pngset.c.obj,5752
libpng-1.2.5,pngtest.c.obj,5296
libpng-1.2.5,pngtrans.c.obj,2008
libpng-1.2.5,pngwio.c.obj,368
libpng-1.2.5,pngwrite.c.obj,5829
libpng-1.2.5,pngwtran.c.obj,1388
libpng-1.2.5,pngwutil.c.obj,11599
libpng-1.2.5,pnm2png.c.obj,2500
flex-2.5.31,buf.c.obj,807
flex-2.5.31,ccl.c.obj,710
flex-2.5.31,dfa.c.obj,5401
flex-2.5.31,ecs.c.obj,466
flex-2.5.31,filter.c.obj,1813
flex-2.5.31,gen.c.obj,20119
flex-2.5.31,libmain.c.obj,24
flex-2.5.31,libyywrap.c.obj,12
flex-2.5.31,main.c.obj,14986
flex-2.5.31,misc.c.obj,4893
flex-2.5.31,nfa.c.obj,3069
flex-2.5.31,options.c.obj,1230
flex-2.5.31,parse.c.obj,7859
flex-2.5.31,regex.c.obj,482
flex-2.5.31,scan.c.obj,37721
flex-2.5.31,scanopt.c.obj,2931
flex-2.5.31,skel.c.obj,79802
flex-2.5.31,sym.c.obj,792
flex-2.5.31,tables.c.obj,1707
flex-2.5.31,tables_shared.c.obj,38
flex-2.5.31,tblcmp.c.obj,2864
flex-2.5.31,yylex.c.obj,640
cg_compiler_opensrc,atom.c.obj,3086
cg_compiler_opensrc,binding.c.obj,1287
cg_compiler_opensrc,cgcmain.c.obj,2057
cg_compiler_opensrc,cgstruct.c.obj,96
cg_compiler_opensrc,check.c.obj,2886
cg_compiler_opensrc,compile.c.obj,11038
cg_compiler_opensrc,constfold.c.obj,2940
cg_compiler_opensrc,cpp.c.obj,5356
cg_compiler_opensrc,generic_hal.c.obj,1470
cg_compiler_opensrc,hal.c.obj,2251
cg_compiler_opensrc,inline.c.obj,2416
cg_compiler_opensrc,memory.c.obj,466
cg_compiler_opensrc,parser.c.obj,13672
cg_compiler_opensrc,printutils.c.obj,8373
cg_compiler_opensrc,scanner.c.obj,5147
cg_compiler_opensrc,semantic.c.obj,3602
cg_compiler_opensrc,stdlib.c.obj,10
cg_compiler_opensrc,support.c.obj,20432
cg_compiler_opensrc,support_iter.c.obj,2262
cg_compiler_opensrc,symbols.c.obj,5775
cg_compiler_opensrc,tokenize.c.obj,757
cg_compiler_opensrc,tokens.c.obj,2488
lwip-0.5.3.preproc,api_lib.o,5147
lwip-0.5.3.preproc,api_msg.o,4332
lwip-0.5.3.preproc,arp.o,2424
lwip-0.5.3.preproc,err.o,0
lwip-0.5.3.preproc,fs.o,40271
lwip-0.5.3.preproc,httpd.o,1614
lwip-0.5.3.preproc,icmp.o,1693
lwip-0.5.3.preproc,inet.o,946
lwip-0.5.3.preproc,ip.o,2968
lwip-0.5.3.preproc,ip_addr.o,0
lwip-0.5.3.preproc,loopif.o,313
lwip-0.5.3.preproc,mem.o,2133
lwip-0.5.3.preproc,memp.o,2054
lwip-0.5.3.preproc,netif.o,798
lwip-0.5.3.preproc,pbuf.o,3367
lwip-0.5.3.preproc,shell.o,12497
lwip-0.5.3.preproc,simhost.o,722
lwip-0.5.3.preproc,simnode.o,659
lwip-0.5.3.preproc,simrouter.o,844
lwip-0.5.3.preproc,sockets.o,2686
lwip-0.5.3.preproc,stats.o,78
lwip-0.5.3.preproc,sys.o,1044
lwip-0.5.3.preproc,tcp.o,6733
lwip-0.5.3.preproc,tcp_input.o,10939
lwip-0.5.3.preproc,tcp_output.o,5832
lwip-0.5.3.preproc,tcpdump.o,1993
lwip-0.5.3.preproc,tcpecho.o,332
lwip-0.5.3.preproc,tcpip.o,706
lwip-0.5.3.preproc,udp.o,2607
lwip-0.5.3.preproc,udpecho.o,394
