Compiler version,clang version 9.0.0 (trunk 361596)
Compiler flags,--target=arm-none-eabi -Oz -mcpu=cortex-m0 -mthumb -isysroot /usr/lib/arm-none-eabi -iwithsysroot /include

Date,2019-05-24
Revision,361596

mpgcut-1.1,mpgcut.c.obj,7408
jpeg-6b,ansi2knr.c.obj,2320
jpeg-6b,cdjpeg.c.obj,128
jpeg-6b,cjpeg.c.obj,5201
jpeg-6b,ckconfig.c.obj,2200
jpeg-6b,djpeg.c.obj,5675
jpeg-6b,jcapimin.c.obj,730
jpeg-6b,jcapistd.c.obj,422
jpeg-6b,jccoefct.c.obj,1504
jpeg-6b,jccolor.c.obj,1426
jpeg-6b,jcdctmgr.c.obj,1220
jpeg-6b,jchuff.c.obj,2850
jpeg-6b,jcinit.c.obj,160
jpeg-6b,jcmainct.c.obj,366
jpeg-6b,jcmarker.c.obj,1738
jpeg-6b,jcmaster.c.obj,2312
jpeg-6b,jcomapi.c.obj,160
jpeg-6b,jcparam.c.obj,2690
jpeg-6b,jcphuff.c.obj,2362
jpeg-6b,jcprepct.c.obj,1148
jpeg-6b,jcsample.c.obj,1706
jpeg-6b,jctrans.c.obj,1172
jpeg-6b,jdapimin.c.obj,908
jpeg-6b,jdapistd.c.obj,816
jpeg-6b,jdatadst.c.obj,234
jpeg-6b,jdatasrc.c.obj,282
jpeg-6b,jdcoefct.c.obj,2864
jpeg-6b,jdcolor.c.obj,1084
jpeg-6b,jddctmgr.c.obj,764
jpeg-6b,jdhuff.c.obj,2220
jpeg-6b,jdinput.c.obj,1196
jpeg-6b,jdmainct.c.obj,1338
jpeg-6b,jdmarker.c.obj,5412
jpeg-6b,jdmaster.c.obj,1532
jpeg-6b,jdmerge.c.obj,1172
jpeg-6b,jdphuff.c.obj,2722
jpeg-6b,jdpostct.c.obj,730
jpeg-6b,jdsample.c.obj,1504
jpeg-6b,jdtrans.c.obj,284
jpeg-6b,jerror.c.obj,5466
jpeg-6b,jfdctflt.c.obj,924
jpeg-6b,jfdctfst.c.obj,502
jpeg-6b,jfdctint.c.obj,704
jpeg-6b,jidctflt.c.obj,1220
jpeg-6b,jidctfst.c.obj,840
jpeg-6b,jidctint.c.obj,1000
jpeg-6b,jidctred.c.obj,1170
jpeg-6b,jmemmgr.c.obj,2696
jpeg-6b,jmemnobs.c.obj,138
jpeg-6b,jpegtran.c.obj,3452
jpeg-6b,jquant1.c.obj,2414
jpeg-6b,jquant2.c.obj,3384
jpeg-6b,jutils.c.obj,458
jpeg-6b,rdbmp.c.obj,1518
jpeg-6b,rdcolmap.c.obj,1132
jpeg-6b,rdgif.c.obj,97
jpeg-6b,rdjpgcom.c.obj,2191
jpeg-6b,rdppm.c.obj,1428
jpeg-6b,rdrle.c.obj,0
jpeg-6b,rdswitch.c.obj,1696
jpeg-6b,rdtarga.c.obj,1580
jpeg-6b,transupp.c.obj,3974
jpeg-6b,wrbmp.c.obj,2344
jpeg-6b,wrgif.c.obj,2596
jpeg-6b,wrjpgcom.c.obj,3129
jpeg-6b,wrppm.c.obj,542
jpeg-6b,wrrle.c.obj,0
jpeg-6b,wrtarga.c.obj,866
zlib-1.1.4,adler32.c.obj,240
zlib-1.1.4,compress.c.obj,136
zlib-1.1.4,crc32.c.obj,1220
zlib-1.1.4,deflate.c.obj,4656
zlib-1.1.4,example.c.obj,3699
zlib-1.1.4,gzio.c.obj,2865
zlib-1.1.4,infblock.c.obj,2982
zlib-1.1.4,infcodes.c.obj,1758
zlib-1.1.4,inffast.c.obj,942
zlib-1.1.4,inflate.c.obj,1557
zlib-1.1.4,inftrees.c.obj,2129
zlib-1.1.4,infutil.c.obj,234
zlib-1.1.4,minigzip.c.obj,1119
zlib-1.1.4,trees.c.obj,7620
zlib-1.1.4,uncompr.c.obj,106
zlib-1.1.4,zutil.c.obj,205
replaypc-0.4.0.preproc,ReplayPC.o,6092
replaypc-0.4.0.preproc,addressbook.o,1183
replaypc-0.4.0.preproc,bigfile.o,681
replaypc-0.4.0.preproc,build-ndx.o,1000
replaypc-0.4.0.preproc,cg.o,3613
replaypc-0.4.0.preproc,channelset.o,385
replaypc-0.4.0.preproc,crypt-test.o,2398
replaypc-0.4.0.preproc,crypt.o,1496
replaypc-0.4.0.preproc,dump-addressbook.o,788
replaypc-0.4.0.preproc,dump-cg2.o,734
replaypc-0.4.0.preproc,dump-channelset.o,624
replaypc-0.4.0.preproc,dump-filedarray.o,824
replaypc-0.4.0.preproc,dump-guide.o,973
replaypc-0.4.0.preproc,dump-headend.o,597
replaypc-0.4.0.preproc,dump-programset.o,1005
replaypc-0.4.0.preproc,dump-replaychannels.o,531
replaypc-0.4.0.preproc,dump-replayshows.o,526
replaypc-0.4.0.preproc,dump-zipcode2.o,526
replaypc-0.4.0.preproc,dump.o,2649
replaypc-0.4.0.preproc,filedarray.o,434
replaypc-0.4.0.preproc,find-GOPs.o,518
replaypc-0.4.0.preproc,guide.o,10278
replaypc-0.4.0.preproc,guideclient.o,1230
replaypc-0.4.0.preproc,headend.o,1386
replaypc-0.4.0.preproc,httpclient.o,4659
replaypc-0.4.0.preproc,httpfs.o,9409
replaypc-0.4.0.preproc,httpfsclient.o,3904
replaypc-0.4.0.preproc,mark-commercial.o,2768
replaypc-0.4.0.preproc,ndx-dump.o,5679
replaypc-0.4.0.preproc,ndx.o,913
replaypc-0.4.0.preproc,program.o,2993
replaypc-0.4.0.preproc,rddns.o,948
replaypc-0.4.0.preproc,rddnsclient.o,1870
replaypc-0.4.0.preproc,rtv.o,1810
replaypc-0.4.0.preproc,rtvguide.o,2019
replaypc-0.4.0.preproc,sleep.o,90
replaypc-0.4.0.preproc,un-protect.o,1654
replaypc-0.4.0.preproc,version-test.o,279
replaypc-0.4.0.preproc,zipcode.o,611
OpenTCP-1.0.4,arp.c.obj,1664
OpenTCP-1.0.4,bootp.c.obj,984
OpenTCP-1.0.4,dhcpc.c.obj,1886
OpenTCP-1.0.4,dns.c.obj,1084
OpenTCP-1.0.4,ethernet.c.obj,1592
OpenTCP-1.0.4,http_server.c.obj,1126
OpenTCP-1.0.4,https_callbacks.c.obj,624
OpenTCP-1.0.4,icmp.c.obj,276
OpenTCP-1.0.4,ip.c.obj,1288
OpenTCP-1.0.4,main_demo.c.obj,220
OpenTCP-1.0.4,pop3_client.c.obj,2775
OpenTCP-1.0.4,pop3c_callbacks.c.obj,78
OpenTCP-1.0.4,smtp_client.c.obj,1620
OpenTCP-1.0.4,smtpc_callbacks.c.obj,90
OpenTCP-1.0.4,system.c.obj,1008
OpenTCP-1.0.4,tcp.c.obj,4136
OpenTCP-1.0.4,tcp_client_demo.c.obj,308
OpenTCP-1.0.4,tcp_server_demo.c.obj,288
OpenTCP-1.0.4,tftps.c.obj,740
OpenTCP-1.0.4,timers.c.obj,232
OpenTCP-1.0.4,udp.c.obj,1088
OpenTCP-1.0.4,udp_demo.c.obj,240
bzip2-1.0.2,blocksort.c.obj,5635
bzip2-1.0.2,bzip2.c.obj,15057
bzip2-1.0.2,bzip2recover.c.obj,3149
bzip2-1.0.2,bzlib.c.obj,8949
bzip2-1.0.2,compress.c.obj,6441
bzip2-1.0.2,crctable.c.obj,0
bzip2-1.0.2,decompress.c.obj,7211
bzip2-1.0.2,huffman.c.obj,962
bzip2-1.0.2,randtable.c.obj,0
mpeg2dec-0.3.1,alloc.c.obj,116
mpeg2dec-0.3.1,cpu_accel.c.obj,12
mpeg2dec-0.3.1,cpu_state.c.obj,10
mpeg2dec-0.3.1,decode.c.obj,2128
mpeg2dec-0.3.1,extract_mpeg2.c.obj,3068
mpeg2dec-0.3.1,getopt.c.obj,2416
mpeg2dec-0.3.1,gettimeofday.c.obj,0
mpeg2dec-0.3.1,header.c.obj,3708
mpeg2dec-0.3.1,idct.c.obj,1212
mpeg2dec-0.3.1,idct_alpha.c.obj,0
mpeg2dec-0.3.1,idct_altivec.c.obj,0
mpeg2dec-0.3.1,idct_mlib.c.obj,0
mpeg2dec-0.3.1,idct_mmx.c.obj,0
mpeg2dec-0.3.1,motion_comp.c.obj,3770
mpeg2dec-0.3.1,motion_comp_alpha.c.obj,0
mpeg2dec-0.3.1,motion_comp_altivec.c.obj,0
mpeg2dec-0.3.1,motion_comp_mlib.c.obj,0
mpeg2dec-0.3.1,motion_comp_mmx.c.obj,0
mpeg2dec-0.3.1,mpeg2dec.c.obj,4118
mpeg2dec-0.3.1,slice.c.obj,14678
mpeg2dec-0.3.1,video_out.c.obj,74
mpeg2dec-0.3.1,video_out_dx.c.obj,0
mpeg2dec-0.3.1,video_out_null.c.obj,296
mpeg2dec-0.3.1,video_out_pgm.c.obj,513
mpeg2dec-0.3.1,video_out_sdl.c.obj,719
mpeg2dec-0.3.1,video_out_x11.c.obj,0
mpeg2dec-0.3.1,yuv2rgb.c.obj,3704
mpeg2dec-0.3.1,yuv2rgb_mlib.c.obj,0
mpeg2dec-0.3.1,yuv2rgb_mmx.c.obj,0
jikespg-1.3,ctabs.c.obj,41981
jikespg-1.3,globals.c.obj,48
jikespg-1.3,lpgparse.c.obj,36173
jikespg-1.3,lpgutil.c.obj,3677
jikespg-1.3,main.c.obj,5507
jikespg-1.3,mkfirst.c.obj,11260
jikespg-1.3,mkred.c.obj,5272
jikespg-1.3,mkstates.c.obj,2211
jikespg-1.3,partset.c.obj,1300
jikespg-1.3,prntstat.c.obj,2668
jikespg-1.3,produce.c.obj,8467
jikespg-1.3,ptables.c.obj,2573
jikespg-1.3,remsp.c.obj,5850
jikespg-1.3,resolve.c.obj,9238
jikespg-1.3,spacetab.c.obj,15301
jikespg-1.3,tabutil.c.obj,10164
jikespg-1.3,timetab.c.obj,7326
libmspack,cabc.c.obj,22
libmspack,cabd.c.obj,4788
libmspack,cabd_md5.c.obj,1149
libmspack,cabd_test.c.obj,9266
libmspack,cabextract_md5.c.obj,20305
libmspack,cabrip.c.obj,391
libmspack,chmc.c.obj,22
libmspack,chmd.c.obj,2926
libmspack,chmd_md5.c.obj,1000
libmspack,hlpc.c.obj,22
libmspack,hlpd.c.obj,22
libmspack,kwajc.c.obj,22
libmspack,kwajd.c.obj,22
libmspack,litc.c.obj,22
libmspack,litd.c.obj,22
libmspack,lzxc.c.obj,0
libmspack,lzxd.c.obj,5836
libmspack,md5.c.obj,2764
libmspack,mszipc.c.obj,0
libmspack,mszipd.c.obj,48
libmspack,qtmc.c.obj,0
libmspack,qtmd.c.obj,4346
libmspack,system.c.obj,616
libmspack,szddc.c.obj,22
libmspack,szddd.c.obj,22
compiler,cg.c.obj,2347
compiler,main.c.obj,2090
compiler,parser.c.obj,4168
compiler,scanner.c.obj,2951
compiler,vam.c.obj,3475
compiler,vas.c.obj,5762
teem-1.6.0-src,1op.c.obj,1619
teem-1.6.0-src,2op.c.obj,2138
teem-1.6.0-src,3op.c.obj,2240
teem-1.6.0-src,754.c.obj,1487
teem-1.6.0-src,about.c.obj,2754
teem-1.6.0-src,accessors.c.obj,7381
teem-1.6.0-src,aniso.c.obj,3620
teem-1.6.0-src,apply1D.c.obj,7423
teem-1.6.0-src,arith.c.obj,5624
teem-1.6.0-src,array.c.obj,562
teem-1.6.0-src,arraysNrrd.c.obj,0
teem-1.6.0-src,ax.c.obj,3053
teem-1.6.0-src,axdelete.c.obj,1374
teem-1.6.0-src,axinfo.c.obj,1341
teem-1.6.0-src,axinsert.c.obj,1057
teem-1.6.0-src,axis.c.obj,2704
teem-1.6.0-src,axmerge.c.obj,1311
teem-1.6.0-src,axsplit.c.obj,1096
teem-1.6.0-src,bday.c.obj,1002
teem-1.6.0-src,biff.c.obj,2253
teem-1.6.0-src,bimod.c.obj,5999
teem-1.6.0-src,block.c.obj,1094
teem-1.6.0-src,bounds.c.obj,6967
teem-1.6.0-src,bow.c.obj,582
teem-1.6.0-src,cam.c.obj,5313
teem-1.6.0-src,cc.c.obj,9775
teem-1.6.0-src,ccadj.c.obj,1125
teem-1.6.0-src,ccfind.c.obj,1677
teem-1.6.0-src,ccmerge.c.obj,2591
teem-1.6.0-src,ccmethods.c.obj,1128
teem-1.6.0-src,ccsettle.c.obj,994
teem-1.6.0-src,chan.c.obj,7963
teem-1.6.0-src,clip.c.obj,678
teem-1.6.0-src,cmedian.c.obj,2460
teem-1.6.0-src,color.c.obj,8164
teem-1.6.0-src,comment.c.obj,457
teem-1.6.0-src,conv.c.obj,384
teem-1.6.0-src,convert.c.obj,1112
teem-1.6.0-src,convertDye.c.obj,3244
teem-1.6.0-src,convertNrrd.c.obj,4988
teem-1.6.0-src,convo.c.obj,1729
teem-1.6.0-src,coreAlan.c.obj,3953
teem-1.6.0-src,crop.c.obj,1360
teem-1.6.0-src,ctx.c.obj,4126
teem-1.6.0-src,cubicEll.c.obj,2160
teem-1.6.0-src,data.c.obj,1264
teem-1.6.0-src,defaultsBane.c.obj,5
teem-1.6.0-src,defaultsGage.c.obj,5
teem-1.6.0-src,defaultsHest.c.obj,0
teem-1.6.0-src,defaultsHoover.c.obj,7
teem-1.6.0-src,defaultsLimn.c.obj,5
teem-1.6.0-src,defaultsMite.c.obj,5
teem-1.6.0-src,defaultsMoss.c.obj,5
teem-1.6.0-src,defaultsNrrd.c.obj,603
teem-1.6.0-src,defaultsTen.c.obj,16
teem-1.6.0-src,dehex.c.obj,767
teem-1.6.0-src,dhisto.c.obj,1306
teem-1.6.0-src,dice.c.obj,1762
teem-1.6.0-src,dio.c.obj,1890
teem-1.6.0-src,doubleprint.c.obj,594
teem-1.6.0-src,eigen.c.obj,4580
teem-1.6.0-src,encoding.c.obj,618
teem-1.6.0-src,encodingAscii.c.obj,1381
teem-1.6.0-src,encodingBzip2.c.obj,534
teem-1.6.0-src,encodingGzip.c.obj,602
teem-1.6.0-src,encodingHex.c.obj,1552
teem-1.6.0-src,encodingRaw.c.obj,1858
teem-1.6.0-src,endianAir.c.obj,4
teem-1.6.0-src,endianNrrd.c.obj,319
teem-1.6.0-src,enhex.c.obj,689
teem-1.6.0-src,enum.c.obj,768
teem-1.6.0-src,enumsAlan.c.obj,0
teem-1.6.0-src,enumsEcho.c.obj,0
teem-1.6.0-src,enumsNrrd.c.obj,0
teem-1.6.0-src,enumsTen.c.obj,0
teem-1.6.0-src,env.c.obj,1157
teem-1.6.0-src,epireg.c.obj,12764
teem-1.6.0-src,ex0.c.obj,513
teem-1.6.0-src,ex1.c.obj,1183
teem-1.6.0-src,ex2.c.obj,952
teem-1.6.0-src,ex3.c.obj,1454
teem-1.6.0-src,ex4.c.obj,1096
teem-1.6.0-src,ex5.c.obj,757
teem-1.6.0-src,fiber.c.obj,4451
teem-1.6.0-src,fiberMethods.c.obj,2525
teem-1.6.0-src,filt.c.obj,4971
teem-1.6.0-src,filter.c.obj,3204
teem-1.6.0-src,flip.c.obj,778
teem-1.6.0-src,floatprint.c.obj,592
teem-1.6.0-src,flotsam.c.obj,2350
teem-1.6.0-src,format.c.obj,660
teem-1.6.0-src,formatEPS.c.obj,2309
teem-1.6.0-src,formatNRRD.c.obj,3517
teem-1.6.0-src,formatPNG.c.obj,694
teem-1.6.0-src,formatPNM.c.obj,2775
teem-1.6.0-src,formatText.c.obj,2625
teem-1.6.0-src,formatVTK.c.obj,5533
teem-1.6.0-src,fp.c.obj,1538
teem-1.6.0-src,gamma.c.obj,1322
teem-1.6.0-src,genmat.c.obj,3060
teem-1.6.0-src,genvol.c.obj,1599
teem-1.6.0-src,gkmsFlotsam.c.obj,1920
teem-1.6.0-src,gkmsHvol.c.obj,2746
teem-1.6.0-src,gkmsInfo.c.obj,1265
teem-1.6.0-src,gkmsMite.c.obj,1116
teem-1.6.0-src,gkmsOpac.c.obj,3133
teem-1.6.0-src,gkmsPvg.c.obj,2598
teem-1.6.0-src,gkmsScat.c.obj,1496
teem-1.6.0-src,gkmsTxf.c.obj,3024
teem-1.6.0-src,glyph.c.obj,5321
teem-1.6.0-src,gzio.c.obj,0
teem-1.6.0-src,head.c.obj,1382
teem-1.6.0-src,heq.c.obj,2005
teem-1.6.0-src,hestLimn.c.obj,994
teem-1.6.0-src,hestMoss.c.obj,1006
teem-1.6.0-src,hestNrrd.c.obj,1015
teem-1.6.0-src,histax.c.obj,1287
teem-1.6.0-src,histo.c.obj,1450
teem-1.6.0-src,histogram.c.obj,5859
teem-1.6.0-src,hvol.c.obj,6615
teem-1.6.0-src,imap.c.obj,2402
teem-1.6.0-src,inc.c.obj,3021
teem-1.6.0-src,inset.c.obj,1313
teem-1.6.0-src,intx.c.obj,13662
teem-1.6.0-src,invert.c.obj,645
teem-1.6.0-src,io.c.obj,777
teem-1.6.0-src,iter.c.obj,625
teem-1.6.0-src,jhisto.c.obj,2537
teem-1.6.0-src,join.c.obj,1440
teem-1.6.0-src,kernel.c.obj,21539
teem-1.6.0-src,keyvalue.c.obj,769
teem-1.6.0-src,kv.c.obj,351
teem-1.6.0-src,light.c.obj,416
teem-1.6.0-src,lightEcho.c.obj,693
teem-1.6.0-src,list.c.obj,1414
teem-1.6.0-src,lut.c.obj,2029
teem-1.6.0-src,make.c.obj,6301
teem-1.6.0-src,map.c.obj,300
teem-1.6.0-src,mat.c.obj,23980
teem-1.6.0-src,matter.c.obj,336
teem-1.6.0-src,measr.c.obj,294
teem-1.6.0-src,measure.c.obj,8347
teem-1.6.0-src,methodsAlan.c.obj,2059
teem-1.6.0-src,methodsBane.c.obj,583
teem-1.6.0-src,methodsDye.c.obj,1082
teem-1.6.0-src,methodsEcho.c.obj,549
teem-1.6.0-src,methodsHest.c.obj,2194
teem-1.6.0-src,methodsHoover.c.obj,1690
teem-1.6.0-src,methodsLimn.c.obj,312
teem-1.6.0-src,methodsMoss.c.obj,1008
teem-1.6.0-src,methodsNrrd.c.obj,4105
teem-1.6.0-src,minmax.c.obj,288
teem-1.6.0-src,miscAir.c.obj,3896
teem-1.6.0-src,miscEll.c.obj,1215
teem-1.6.0-src,miscGage.c.obj,591
teem-1.6.0-src,miscTen.c.obj,3438
teem-1.6.0-src,mod.c.obj,3119
teem-1.6.0-src,model.c.obj,1092
teem-1.6.0-src,mop.c.obj,969
teem-1.6.0-src,obj.c.obj,786
teem-1.6.0-src,objmethods.c.obj,1012
teem-1.6.0-src,opac.c.obj,474
teem-1.6.0-src,pad.c.obj,1716
teem-1.6.0-src,parseAir.c.obj,1322
teem-1.6.0-src,parseHest.c.obj,10935
teem-1.6.0-src,parseNrrd.c.obj,5563
teem-1.6.0-src,permute.c.obj,989
teem-1.6.0-src,pos.c.obj,541
teem-1.6.0-src,print.c.obj,5493
teem-1.6.0-src,project.c.obj,1865
teem-1.6.0-src,pvl.c.obj,1408
teem-1.6.0-src,qn.c.obj,2677
teem-1.6.0-src,quadvol.c.obj,1589
teem-1.6.0-src,quantize.c.obj,1582
teem-1.6.0-src,quat.c.obj,14894
teem-1.6.0-src,range.c.obj,608
teem-1.6.0-src,rangeBane.c.obj,952
teem-1.6.0-src,ray.c.obj,4208
teem-1.6.0-src,rays.c.obj,3675
teem-1.6.0-src,read.c.obj,2596
teem-1.6.0-src,renderEcho.c.obj,4831
teem-1.6.0-src,renderLimn.c.obj,3013
teem-1.6.0-src,renderMite.c.obj,1121
teem-1.6.0-src,reorder.c.obj,8264
teem-1.6.0-src,resample.c.obj,3314
teem-1.6.0-src,resampleNrrd.c.obj,6081
teem-1.6.0-src,reshape.c.obj,970
teem-1.6.0-src,rmap.c.obj,2469
teem-1.6.0-src,sampler.c.obj,2134
teem-1.6.0-src,sane.c.obj,3035
teem-1.6.0-src,save.c.obj,2784
teem-1.6.0-src,scat.c.obj,733
teem-1.6.0-src,scl.c.obj,0
teem-1.6.0-src,sclanswer.c.obj,6583
teem-1.6.0-src,sclfilter.c.obj,9861
teem-1.6.0-src,sclprint.c.obj,949
teem-1.6.0-src,set.c.obj,1274
teem-1.6.0-src,shape.c.obj,3149
teem-1.6.0-src,shapes.c.obj,3580
teem-1.6.0-src,shuffle.c.obj,1580
teem-1.6.0-src,sigma.c.obj,153
teem-1.6.0-src,simple.c.obj,4409
teem-1.6.0-src,slice.c.obj,1213
teem-1.6.0-src,soid.c.obj,3193
teem-1.6.0-src,sort3.c.obj,678
teem-1.6.0-src,splice.c.obj,1341
teem-1.6.0-src,splineEval.c.obj,5817
teem-1.6.0-src,splineMethods.c.obj,4468
teem-1.6.0-src,splineMisc.c.obj,2281
teem-1.6.0-src,sqd.c.obj,7445
teem-1.6.0-src,st.c.obj,2947
teem-1.6.0-src,string.c.obj,1024
teem-1.6.0-src,strings.c.obj,1175
teem-1.6.0-src,stub.c.obj,100
teem-1.6.0-src,subset.c.obj,2447
teem-1.6.0-src,superset.c.obj,4219
teem-1.6.0-src,swap.c.obj,841
teem-1.6.0-src,tbc.c.obj,1640
teem-1.6.0-src,tblah.c.obj,1001
teem-1.6.0-src,tcam.c.obj,1316
teem-1.6.0-src,tcamanim.c.obj,3267
teem-1.6.0-src,tem.c.obj,1044
teem-1.6.0-src,tenGage.c.obj,3281
teem-1.6.0-src,tendAnhist.c.obj,1159
teem-1.6.0-src,tendAnplot.c.obj,1629
teem-1.6.0-src,tendAnscale.c.obj,1355
teem-1.6.0-src,tendAnvol.c.obj,1473
teem-1.6.0-src,tendBmat.c.obj,1309
teem-1.6.0-src,tendEllipse.c.obj,2369
teem-1.6.0-src,tendEpireg.c.obj,4440
teem-1.6.0-src,tendEstim.c.obj,3769
teem-1.6.0-src,tendEval.c.obj,1588
teem-1.6.0-src,tendEvaladd.c.obj,956
teem-1.6.0-src,tendEvalclamp.c.obj,1244
teem-1.6.0-src,tendEvalpow.c.obj,867
teem-1.6.0-src,tendEvec.c.obj,1626
teem-1.6.0-src,tendEvecrgb.c.obj,1867
teem-1.6.0-src,tendEvq.c.obj,2161
teem-1.6.0-src,tendExpand.c.obj,1432
teem-1.6.0-src,tendFiber.c.obj,2488
teem-1.6.0-src,tendFlotsam.c.obj,1158
teem-1.6.0-src,tendGlyph.c.obj,6468
teem-1.6.0-src,tendMake.c.obj,949
teem-1.6.0-src,tendNorm.c.obj,1261
teem-1.6.0-src,tendPoint.c.obj,1620
teem-1.6.0-src,tendSatin.c.obj,5104
teem-1.6.0-src,tendShrink.c.obj,924
teem-1.6.0-src,tendSim.c.obj,1320
teem-1.6.0-src,tendSlice.c.obj,993
teem-1.6.0-src,tendSten.c.obj,1322
teem-1.6.0-src,tensor.c.obj,6363
teem-1.6.0-src,test.c.obj,862
teem-1.6.0-src,tg.c.obj,2479
teem-1.6.0-src,thread.c.obj,274
teem-1.6.0-src,threadAir.c.obj,1034
teem-1.6.0-src,tinfo.c.obj,509
teem-1.6.0-src,tkernel.c.obj,1799
teem-1.6.0-src,tline.c.obj,409
teem-1.6.0-src,tmfKernel.c.obj,151349
teem-1.6.0-src,tmop.c.obj,607
teem-1.6.0-src,tok.c.obj,266
teem-1.6.0-src,tps.c.obj,2360
teem-1.6.0-src,tq.c.obj,6047
teem-1.6.0-src,trand.c.obj,157
teem-1.6.0-src,transform.c.obj,3141
teem-1.6.0-src,tread.c.obj,280
teem-1.6.0-src,trend.c.obj,6549
teem-1.6.0-src,trex.c.obj,342
teem-1.6.0-src,trnsf.c.obj,4362
teem-1.6.0-src,tspline.c.obj,1933
teem-1.6.0-src,tspot.c.obj,919
teem-1.6.0-src,tt.c.obj,2730
teem-1.6.0-src,txf.c.obj,3235
teem-1.6.0-src,typestest.c.obj,408
teem-1.6.0-src,unblock.c.obj,1118
teem-1.6.0-src,unquantize.c.obj,1139
teem-1.6.0-src,update.c.obj,4398
teem-1.6.0-src,usage.c.obj,2647
teem-1.6.0-src,user.c.obj,843
teem-1.6.0-src,valid.c.obj,2346
teem-1.6.0-src,vecEll.c.obj,1548
teem-1.6.0-src,vecGage.c.obj,2707
teem-1.6.0-src,vecprint.c.obj,68
teem-1.6.0-src,winKernel.c.obj,18700
teem-1.6.0-src,write.c.obj,3895
teem-1.6.0-src,xform.c.obj,3050
ttt-0.10.1.preproc,connect4.o,7569
ttt-0.10.1.preproc,engine.o,3992
ttt-0.10.1.preproc,main.o,1907
ttt-0.10.1.preproc,parse.o,2646
ttt-0.10.1.preproc,ttt.o,10373
ttt-0.10.1.preproc,util.o,2501
unrarlib-0.4.0,getfile.c.obj,745
unrarlib-0.4.0,listarchive.c.obj,922
unrarlib-0.4.0,unrarlib.c.obj,9590
libpng-1.2.5,png.c.obj,2531
libpng-1.2.5,png2pnm.c.obj,2397
libpng-1.2.5,pngerror.c.obj,833
libpng-1.2.5,pngget.c.obj,2544
libpng-1.2.5,pngmem.c.obj,559
libpng-1.2.5,pngpread.c.obj,6283
libpng-1.2.5,pngread.c.obj,7288
libpng-1.2.5,pngrio.c.obj,309
libpng-1.2.5,pngrtran.c.obj,15324
libpng-1.2.5,pngrutil.c.obj,14144
libpng-1.2.5,pngset.c.obj,5653
libpng-1.2.5,pngtest.c.obj,5326
libpng-1.2.5,pngtrans.c.obj,1898
libpng-1.2.5,pngwio.c.obj,365
libpng-1.2.5,pngwrite.c.obj,5645
libpng-1.2.5,pngwtran.c.obj,1324
libpng-1.2.5,pngwutil.c.obj,10729
libpng-1.2.5,pnm2png.c.obj,2533
flex-2.5.31,buf.c.obj,837
flex-2.5.31,ccl.c.obj,944
flex-2.5.31,dfa.c.obj,5622
flex-2.5.31,ecs.c.obj,474
flex-2.5.31,filter.c.obj,1845
flex-2.5.31,gen.c.obj,20442
flex-2.5.31,libmain.c.obj,24
flex-2.5.31,libyywrap.c.obj,12
flex-2.5.31,main.c.obj,16666
flex-2.5.31,misc.c.obj,4930
flex-2.5.31,nfa.c.obj,3080
flex-2.5.31,options.c.obj,1230
flex-2.5.31,parse.c.obj,7694
flex-2.5.31,regex.c.obj,477
flex-2.5.31,scan.c.obj,36496
flex-2.5.31,scanopt.c.obj,2788
flex-2.5.31,skel.c.obj,79802
flex-2.5.31,sym.c.obj,817
flex-2.5.31,tables.c.obj,1721
flex-2.5.31,tables_shared.c.obj,32
flex-2.5.31,tblcmp.c.obj,2844
flex-2.5.31,yylex.c.obj,840
cg_compiler_opensrc,atom.c.obj,3026
cg_compiler_opensrc,binding.c.obj,1267
cg_compiler_opensrc,cgcmain.c.obj,2055
cg_compiler_opensrc,cgstruct.c.obj,96
cg_compiler_opensrc,check.c.obj,2795
cg_compiler_opensrc,compile.c.obj,10525
cg_compiler_opensrc,constfold.c.obj,2904
cg_compiler_opensrc,cpp.c.obj,5346
cg_compiler_opensrc,generic_hal.c.obj,1503
cg_compiler_opensrc,hal.c.obj,2259
cg_compiler_opensrc,inline.c.obj,2312
cg_compiler_opensrc,memory.c.obj,452
cg_compiler_opensrc,parser.c.obj,13623
cg_compiler_opensrc,printutils.c.obj,8461
cg_compiler_opensrc,scanner.c.obj,5267
cg_compiler_opensrc,semantic.c.obj,3590
cg_compiler_opensrc,stdlib.c.obj,10
cg_compiler_opensrc,support.c.obj,19979
cg_compiler_opensrc,support_iter.c.obj,1744
cg_compiler_opensrc,symbols.c.obj,5709
cg_compiler_opensrc,tokenize.c.obj,660
cg_compiler_opensrc,tokens.c.obj,2495
lwip-0.5.3.preproc,api_lib.o,5147
lwip-0.5.3.preproc,api_msg.o,4332
lwip-0.5.3.preproc,arp.o,2424
lwip-0.5.3.preproc,err.o,0
lwip-0.5.3.preproc,fs.o,40271
lwip-0.5.3.preproc,httpd.o,1614
lwip-0.5.3.preproc,icmp.o,1693
lwip-0.5.3.preproc,inet.o,946
lwip-0.5.3.preproc,ip.o,2968
lwip-0.5.3.preproc,ip_addr.o,0
lwip-0.5.3.preproc,loopif.o,313
lwip-0.5.3.preproc,mem.o,2133
lwip-0.5.3.preproc,memp.o,2054
lwip-0.5.3.preproc,netif.o,798
lwip-0.5.3.preproc,pbuf.o,3367
lwip-0.5.3.preproc,shell.o,12497
lwip-0.5.3.preproc,simhost.o,722
lwip-0.5.3.preproc,simnode.o,659
lwip-0.5.3.preproc,simrouter.o,844
lwip-0.5.3.preproc,sockets.o,2686
lwip-0.5.3.preproc,stats.o,78
lwip-0.5.3.preproc,sys.o,1044
lwip-0.5.3.preproc,tcp.o,6733
lwip-0.5.3.preproc,tcp_input.o,10939
lwip-0.5.3.preproc,tcp_output.o,5832
lwip-0.5.3.preproc,tcpdump.o,1993
lwip-0.5.3.preproc,tcpecho.o,332
lwip-0.5.3.preproc,tcpip.o,706
lwip-0.5.3.preproc,udp.o,2607
lwip-0.5.3.preproc,udpecho.o,394
