Compiler version,clang version 8.0.0 (trunk 348722)
Compiler flags,--target=arm-none-eabi -Oz -mcpu=cortex-m0 -mthumb -isysroot /usr/lib/arm-none-eabi -iwithsysroot /include

Date,2018-12-09
Revision,348722

mpgcut-1.1,mpgcut.c.obj,7432
jpeg-6b,ansi2knr.c.obj,2332
jpeg-6b,cdjpeg.c.obj,128
jpeg-6b,cjpeg.c.obj,5217
jpeg-6b,ckconfig.c.obj,2200
jpeg-6b,djpeg.c.obj,5683
jpeg-6b,jcapimin.c.obj,730
jpeg-6b,jcapistd.c.obj,422
jpeg-6b,jccoefct.c.obj,1520
jpeg-6b,jccolor.c.obj,1440
jpeg-6b,jcdctmgr.c.obj,1220
jpeg-6b,jchuff.c.obj,2886
jpeg-6b,jcinit.c.obj,158
jpeg-6b,jcmainct.c.obj,366
jpeg-6b,jcmarker.c.obj,1742
jpeg-6b,jcmaster.c.obj,2324
jpeg-6b,jcomapi.c.obj,160
jpeg-6b,jcparam.c.obj,2694
jpeg-6b,jcphuff.c.obj,2446
jpeg-6b,jcprepct.c.obj,1160
jpeg-6b,jcsample.c.obj,1720
jpeg-6b,jctrans.c.obj,1174
jpeg-6b,jdapimin.c.obj,908
jpeg-6b,jdapistd.c.obj,816
jpeg-6b,jdatadst.c.obj,234
jpeg-6b,jdatasrc.c.obj,282
jpeg-6b,jdcoefct.c.obj,2882
jpeg-6b,jdcolor.c.obj,1102
jpeg-6b,jddctmgr.c.obj,764
jpeg-6b,jdhuff.c.obj,2252
jpeg-6b,jdinput.c.obj,1208
jpeg-6b,jdmainct.c.obj,1342
jpeg-6b,jdmarker.c.obj,5430
jpeg-6b,jdmaster.c.obj,1536
jpeg-6b,jdmerge.c.obj,1178
jpeg-6b,jdphuff.c.obj,2734
jpeg-6b,jdpostct.c.obj,752
jpeg-6b,jdsample.c.obj,1514
jpeg-6b,jdtrans.c.obj,284
jpeg-6b,jerror.c.obj,5478
jpeg-6b,jfdctflt.c.obj,924
jpeg-6b,jfdctfst.c.obj,502
jpeg-6b,jfdctint.c.obj,704
jpeg-6b,jidctflt.c.obj,1224
jpeg-6b,jidctfst.c.obj,840
jpeg-6b,jidctint.c.obj,988
jpeg-6b,jidctred.c.obj,1174
jpeg-6b,jmemmgr.c.obj,2768
jpeg-6b,jmemnobs.c.obj,138
jpeg-6b,jpegtran.c.obj,3452
jpeg-6b,jquant1.c.obj,2430
jpeg-6b,jquant2.c.obj,3412
jpeg-6b,jutils.c.obj,458
jpeg-6b,rdbmp.c.obj,1526
jpeg-6b,rdcolmap.c.obj,1132
jpeg-6b,rdgif.c.obj,97
jpeg-6b,rdjpgcom.c.obj,2203
jpeg-6b,rdppm.c.obj,1428
jpeg-6b,rdrle.c.obj,0
jpeg-6b,rdswitch.c.obj,1700
jpeg-6b,rdtarga.c.obj,1558
jpeg-6b,transupp.c.obj,4038
jpeg-6b,wrbmp.c.obj,2352
jpeg-6b,wrgif.c.obj,2596
jpeg-6b,wrjpgcom.c.obj,3141
jpeg-6b,wrppm.c.obj,546
jpeg-6b,wrrle.c.obj,0
jpeg-6b,wrtarga.c.obj,866
zlib-1.1.4,adler32.c.obj,260
zlib-1.1.4,compress.c.obj,138
zlib-1.1.4,crc32.c.obj,1256
zlib-1.1.4,deflate.c.obj,4708
zlib-1.1.4,example.c.obj,3699
zlib-1.1.4,gzio.c.obj,2885
zlib-1.1.4,infblock.c.obj,2978
zlib-1.1.4,infcodes.c.obj,1758
zlib-1.1.4,inffast.c.obj,982
zlib-1.1.4,inflate.c.obj,1557
zlib-1.1.4,inftrees.c.obj,2217
zlib-1.1.4,infutil.c.obj,234
zlib-1.1.4,minigzip.c.obj,1123
zlib-1.1.4,trees.c.obj,7660
zlib-1.1.4,uncompr.c.obj,106
zlib-1.1.4,zutil.c.obj,205
replaypc-0.4.0.preproc,ReplayPC.o,6092
replaypc-0.4.0.preproc,addressbook.o,1183
replaypc-0.4.0.preproc,bigfile.o,681
replaypc-0.4.0.preproc,build-ndx.o,1000
replaypc-0.4.0.preproc,cg.o,3613
replaypc-0.4.0.preproc,channelset.o,385
replaypc-0.4.0.preproc,crypt-test.o,2398
replaypc-0.4.0.preproc,crypt.o,1496
replaypc-0.4.0.preproc,dump-addressbook.o,788
replaypc-0.4.0.preproc,dump-cg2.o,734
replaypc-0.4.0.preproc,dump-channelset.o,624
replaypc-0.4.0.preproc,dump-filedarray.o,824
replaypc-0.4.0.preproc,dump-guide.o,973
replaypc-0.4.0.preproc,dump-headend.o,597
replaypc-0.4.0.preproc,dump-programset.o,1005
replaypc-0.4.0.preproc,dump-replaychannels.o,531
replaypc-0.4.0.preproc,dump-replayshows.o,526
replaypc-0.4.0.preproc,dump-zipcode2.o,526
replaypc-0.4.0.preproc,dump.o,2649
replaypc-0.4.0.preproc,filedarray.o,434
replaypc-0.4.0.preproc,find-GOPs.o,518
replaypc-0.4.0.preproc,guide.o,10278
replaypc-0.4.0.preproc,guideclient.o,1230
replaypc-0.4.0.preproc,headend.o,1386
replaypc-0.4.0.preproc,httpclient.o,4659
replaypc-0.4.0.preproc,httpfs.o,9409
replaypc-0.4.0.preproc,httpfsclient.o,3904
replaypc-0.4.0.preproc,mark-commercial.o,2768
replaypc-0.4.0.preproc,ndx-dump.o,5679
replaypc-0.4.0.preproc,ndx.o,913
replaypc-0.4.0.preproc,program.o,2993
replaypc-0.4.0.preproc,rddns.o,948
replaypc-0.4.0.preproc,rddnsclient.o,1870
replaypc-0.4.0.preproc,rtv.o,1810
replaypc-0.4.0.preproc,rtvguide.o,2019
replaypc-0.4.0.preproc,sleep.o,90
replaypc-0.4.0.preproc,un-protect.o,1654
replaypc-0.4.0.preproc,version-test.o,279
replaypc-0.4.0.preproc,zipcode.o,611
OpenTCP-1.0.4,arp.c.obj,1664
OpenTCP-1.0.4,bootp.c.obj,984
OpenTCP-1.0.4,dhcpc.c.obj,1882
OpenTCP-1.0.4,dns.c.obj,1104
OpenTCP-1.0.4,ethernet.c.obj,1592
OpenTCP-1.0.4,http_server.c.obj,1126
OpenTCP-1.0.4,https_callbacks.c.obj,624
OpenTCP-1.0.4,icmp.c.obj,276
OpenTCP-1.0.4,ip.c.obj,1312
OpenTCP-1.0.4,main_demo.c.obj,220
OpenTCP-1.0.4,pop3_client.c.obj,2779
OpenTCP-1.0.4,pop3c_callbacks.c.obj,78
OpenTCP-1.0.4,smtp_client.c.obj,1620
OpenTCP-1.0.4,smtpc_callbacks.c.obj,90
OpenTCP-1.0.4,system.c.obj,1008
OpenTCP-1.0.4,tcp.c.obj,4148
OpenTCP-1.0.4,tcp_client_demo.c.obj,308
OpenTCP-1.0.4,tcp_server_demo.c.obj,288
OpenTCP-1.0.4,tftps.c.obj,748
OpenTCP-1.0.4,timers.c.obj,232
OpenTCP-1.0.4,udp.c.obj,1100
OpenTCP-1.0.4,udp_demo.c.obj,240
bzip2-1.0.2,blocksort.c.obj,5651
bzip2-1.0.2,bzip2.c.obj,15097
bzip2-1.0.2,bzip2recover.c.obj,3189
bzip2-1.0.2,bzlib.c.obj,8945
bzip2-1.0.2,compress.c.obj,6461
bzip2-1.0.2,crctable.c.obj,0
bzip2-1.0.2,decompress.c.obj,7027
bzip2-1.0.2,huffman.c.obj,970
bzip2-1.0.2,randtable.c.obj,0
mpeg2dec-0.3.1,alloc.c.obj,120
mpeg2dec-0.3.1,cpu_accel.c.obj,12
mpeg2dec-0.3.1,cpu_state.c.obj,10
mpeg2dec-0.3.1,decode.c.obj,2132
mpeg2dec-0.3.1,extract_mpeg2.c.obj,2928
mpeg2dec-0.3.1,getopt.c.obj,2430
mpeg2dec-0.3.1,gettimeofday.c.obj,0
mpeg2dec-0.3.1,header.c.obj,3720
mpeg2dec-0.3.1,idct.c.obj,1216
mpeg2dec-0.3.1,idct_alpha.c.obj,0
mpeg2dec-0.3.1,idct_altivec.c.obj,0
mpeg2dec-0.3.1,idct_mlib.c.obj,0
mpeg2dec-0.3.1,idct_mmx.c.obj,0
mpeg2dec-0.3.1,motion_comp.c.obj,3770
mpeg2dec-0.3.1,motion_comp_alpha.c.obj,0
mpeg2dec-0.3.1,motion_comp_altivec.c.obj,0
mpeg2dec-0.3.1,motion_comp_mlib.c.obj,0
mpeg2dec-0.3.1,motion_comp_mmx.c.obj,0
mpeg2dec-0.3.1,mpeg2dec.c.obj,4114
mpeg2dec-0.3.1,slice.c.obj,14762
mpeg2dec-0.3.1,video_out.c.obj,74
mpeg2dec-0.3.1,video_out_dx.c.obj,0
mpeg2dec-0.3.1,video_out_null.c.obj,296
mpeg2dec-0.3.1,video_out_pgm.c.obj,513
mpeg2dec-0.3.1,video_out_sdl.c.obj,719
mpeg2dec-0.3.1,video_out_x11.c.obj,0
mpeg2dec-0.3.1,yuv2rgb.c.obj,3748
mpeg2dec-0.3.1,yuv2rgb_mlib.c.obj,0
mpeg2dec-0.3.1,yuv2rgb_mmx.c.obj,0
jikespg-1.3,ctabs.c.obj,42261
jikespg-1.3,globals.c.obj,48
jikespg-1.3,lpgparse.c.obj,36325
jikespg-1.3,lpgutil.c.obj,3697
jikespg-1.3,main.c.obj,5579
jikespg-1.3,mkfirst.c.obj,11328
jikespg-1.3,mkred.c.obj,5268
jikespg-1.3,mkstates.c.obj,2223
jikespg-1.3,partset.c.obj,1280
jikespg-1.3,prntstat.c.obj,2688
jikespg-1.3,produce.c.obj,8475
jikespg-1.3,ptables.c.obj,2585
jikespg-1.3,remsp.c.obj,5866
jikespg-1.3,resolve.c.obj,9314
jikespg-1.3,spacetab.c.obj,15441
jikespg-1.3,tabutil.c.obj,10320
jikespg-1.3,timetab.c.obj,7386
libmspack,cabc.c.obj,22
libmspack,cabd.c.obj,4806
libmspack,cabd_md5.c.obj,1149
libmspack,cabd_test.c.obj,9266
libmspack,cabextract_md5.c.obj,21813
libmspack,cabrip.c.obj,391
libmspack,chmc.c.obj,22
libmspack,chmd.c.obj,2920
libmspack,chmd_md5.c.obj,1010
libmspack,hlpc.c.obj,22
libmspack,hlpd.c.obj,22
libmspack,kwajc.c.obj,22
libmspack,kwajd.c.obj,22
libmspack,litc.c.obj,22
libmspack,litd.c.obj,22
libmspack,lzxc.c.obj,0
libmspack,lzxd.c.obj,6036
libmspack,md5.c.obj,2792
libmspack,mszipc.c.obj,0
libmspack,mszipd.c.obj,48
libmspack,qtmc.c.obj,0
libmspack,qtmd.c.obj,4400
libmspack,system.c.obj,616
libmspack,szddc.c.obj,22
libmspack,szddd.c.obj,22
compiler,cg.c.obj,2351
compiler,main.c.obj,2090
compiler,parser.c.obj,4188
compiler,scanner.c.obj,2951
compiler,vam.c.obj,3567
compiler,vas.c.obj,5770
teem-1.6.0-src,1op.c.obj,1635
teem-1.6.0-src,2op.c.obj,2154
teem-1.6.0-src,3op.c.obj,2260
teem-1.6.0-src,754.c.obj,1531
teem-1.6.0-src,about.c.obj,2750
teem-1.6.0-src,accessors.c.obj,7417
teem-1.6.0-src,aniso.c.obj,3632
teem-1.6.0-src,apply1D.c.obj,7475
teem-1.6.0-src,arith.c.obj,5656
teem-1.6.0-src,array.c.obj,562
teem-1.6.0-src,arraysNrrd.c.obj,0
teem-1.6.0-src,ax.c.obj,3201
teem-1.6.0-src,axdelete.c.obj,1378
teem-1.6.0-src,axinfo.c.obj,1365
teem-1.6.0-src,axinsert.c.obj,1077
teem-1.6.0-src,axis.c.obj,2820
teem-1.6.0-src,axmerge.c.obj,1319
teem-1.6.0-src,axsplit.c.obj,1120
teem-1.6.0-src,bday.c.obj,1010
teem-1.6.0-src,biff.c.obj,2277
teem-1.6.0-src,bimod.c.obj,6047
teem-1.6.0-src,block.c.obj,1102
teem-1.6.0-src,bounds.c.obj,6931
teem-1.6.0-src,bow.c.obj,586
teem-1.6.0-src,cam.c.obj,5381
teem-1.6.0-src,cc.c.obj,9787
teem-1.6.0-src,ccadj.c.obj,1137
teem-1.6.0-src,ccfind.c.obj,1693
teem-1.6.0-src,ccmerge.c.obj,2615
teem-1.6.0-src,ccmethods.c.obj,1128
teem-1.6.0-src,ccsettle.c.obj,1018
teem-1.6.0-src,chan.c.obj,8003
teem-1.6.0-src,clip.c.obj,678
teem-1.6.0-src,cmedian.c.obj,2468
teem-1.6.0-src,color.c.obj,8204
teem-1.6.0-src,comment.c.obj,459
teem-1.6.0-src,conv.c.obj,388
teem-1.6.0-src,convert.c.obj,1124
teem-1.6.0-src,convertDye.c.obj,3248
teem-1.6.0-src,convertNrrd.c.obj,4988
teem-1.6.0-src,convo.c.obj,1745
teem-1.6.0-src,coreAlan.c.obj,3933
teem-1.6.0-src,crop.c.obj,1372
teem-1.6.0-src,ctx.c.obj,4182
teem-1.6.0-src,cubicEll.c.obj,2168
teem-1.6.0-src,data.c.obj,1268
teem-1.6.0-src,defaultsBane.c.obj,5
teem-1.6.0-src,defaultsGage.c.obj,5
teem-1.6.0-src,defaultsHest.c.obj,0
teem-1.6.0-src,defaultsHoover.c.obj,7
teem-1.6.0-src,defaultsLimn.c.obj,5
teem-1.6.0-src,defaultsMite.c.obj,5
teem-1.6.0-src,defaultsMoss.c.obj,5
teem-1.6.0-src,defaultsNrrd.c.obj,603
teem-1.6.0-src,defaultsTen.c.obj,16
teem-1.6.0-src,dehex.c.obj,775
teem-1.6.0-src,dhisto.c.obj,1322
teem-1.6.0-src,dice.c.obj,1802
teem-1.6.0-src,dio.c.obj,1890
teem-1.6.0-src,doubleprint.c.obj,602
teem-1.6.0-src,eigen.c.obj,4576
teem-1.6.0-src,encoding.c.obj,618
teem-1.6.0-src,encodingAscii.c.obj,1385
teem-1.6.0-src,encodingBzip2.c.obj,534
teem-1.6.0-src,encodingGzip.c.obj,602
teem-1.6.0-src,encodingHex.c.obj,1560
teem-1.6.0-src,encodingRaw.c.obj,1858
teem-1.6.0-src,endianAir.c.obj,4
teem-1.6.0-src,endianNrrd.c.obj,319
teem-1.6.0-src,enhex.c.obj,693
teem-1.6.0-src,enum.c.obj,772
teem-1.6.0-src,enumsAlan.c.obj,0
teem-1.6.0-src,enumsEcho.c.obj,0
teem-1.6.0-src,enumsNrrd.c.obj,0
teem-1.6.0-src,enumsTen.c.obj,0
teem-1.6.0-src,env.c.obj,1157
teem-1.6.0-src,epireg.c.obj,12888
teem-1.6.0-src,ex0.c.obj,513
teem-1.6.0-src,ex1.c.obj,1183
teem-1.6.0-src,ex2.c.obj,964
teem-1.6.0-src,ex3.c.obj,1470
teem-1.6.0-src,ex4.c.obj,1120
teem-1.6.0-src,ex5.c.obj,769
teem-1.6.0-src,fiber.c.obj,4519
teem-1.6.0-src,fiberMethods.c.obj,2525
teem-1.6.0-src,filt.c.obj,4975
teem-1.6.0-src,filter.c.obj,3208
teem-1.6.0-src,flip.c.obj,790
teem-1.6.0-src,floatprint.c.obj,596
teem-1.6.0-src,flotsam.c.obj,2354
teem-1.6.0-src,format.c.obj,664
teem-1.6.0-src,formatEPS.c.obj,2313
teem-1.6.0-src,formatNRRD.c.obj,3533
teem-1.6.0-src,formatPNG.c.obj,694
teem-1.6.0-src,formatPNM.c.obj,2787
teem-1.6.0-src,formatText.c.obj,2657
teem-1.6.0-src,formatVTK.c.obj,5601
teem-1.6.0-src,fp.c.obj,1562
teem-1.6.0-src,gamma.c.obj,1338
teem-1.6.0-src,genmat.c.obj,3124
teem-1.6.0-src,genvol.c.obj,1615
teem-1.6.0-src,gkmsFlotsam.c.obj,1924
teem-1.6.0-src,gkmsHvol.c.obj,2766
teem-1.6.0-src,gkmsInfo.c.obj,1277
teem-1.6.0-src,gkmsMite.c.obj,1148
teem-1.6.0-src,gkmsOpac.c.obj,3153
teem-1.6.0-src,gkmsPvg.c.obj,2634
teem-1.6.0-src,gkmsScat.c.obj,1504
teem-1.6.0-src,gkmsTxf.c.obj,3056
teem-1.6.0-src,glyph.c.obj,5349
teem-1.6.0-src,gzio.c.obj,0
teem-1.6.0-src,head.c.obj,1390
teem-1.6.0-src,heq.c.obj,2025
teem-1.6.0-src,hestLimn.c.obj,1018
teem-1.6.0-src,hestMoss.c.obj,1014
teem-1.6.0-src,hestNrrd.c.obj,1015
teem-1.6.0-src,histax.c.obj,1307
teem-1.6.0-src,histo.c.obj,1490
teem-1.6.0-src,histogram.c.obj,5879
teem-1.6.0-src,hvol.c.obj,6679
teem-1.6.0-src,imap.c.obj,2438
teem-1.6.0-src,inc.c.obj,3045
teem-1.6.0-src,inset.c.obj,1325
teem-1.6.0-src,intx.c.obj,13798
teem-1.6.0-src,invert.c.obj,649
teem-1.6.0-src,io.c.obj,785
teem-1.6.0-src,iter.c.obj,629
teem-1.6.0-src,jhisto.c.obj,2573
teem-1.6.0-src,join.c.obj,1452
teem-1.6.0-src,kernel.c.obj,22371
teem-1.6.0-src,keyvalue.c.obj,769
teem-1.6.0-src,kv.c.obj,355
teem-1.6.0-src,light.c.obj,420
teem-1.6.0-src,lightEcho.c.obj,697
teem-1.6.0-src,list.c.obj,1422
teem-1.6.0-src,lut.c.obj,2041
teem-1.6.0-src,make.c.obj,6325
teem-1.6.0-src,map.c.obj,300
teem-1.6.0-src,mat.c.obj,24128
teem-1.6.0-src,matter.c.obj,336
teem-1.6.0-src,measr.c.obj,294
teem-1.6.0-src,measure.c.obj,8583
teem-1.6.0-src,methodsAlan.c.obj,2063
teem-1.6.0-src,methodsBane.c.obj,583
teem-1.6.0-src,methodsDye.c.obj,1090
teem-1.6.0-src,methodsEcho.c.obj,549
teem-1.6.0-src,methodsHest.c.obj,2202
teem-1.6.0-src,methodsHoover.c.obj,1698
teem-1.6.0-src,methodsLimn.c.obj,288
teem-1.6.0-src,methodsMoss.c.obj,1012
teem-1.6.0-src,methodsNrrd.c.obj,4125
teem-1.6.0-src,minmax.c.obj,296
teem-1.6.0-src,miscAir.c.obj,3940
teem-1.6.0-src,miscEll.c.obj,1279
teem-1.6.0-src,miscGage.c.obj,591
teem-1.6.0-src,miscTen.c.obj,3506
teem-1.6.0-src,mod.c.obj,3135
teem-1.6.0-src,model.c.obj,1092
teem-1.6.0-src,mop.c.obj,985
teem-1.6.0-src,obj.c.obj,790
teem-1.6.0-src,objmethods.c.obj,1012
teem-1.6.0-src,opac.c.obj,478
teem-1.6.0-src,pad.c.obj,1736
teem-1.6.0-src,parseAir.c.obj,1328
teem-1.6.0-src,parseHest.c.obj,11155
teem-1.6.0-src,parseNrrd.c.obj,5587
teem-1.6.0-src,permute.c.obj,1005
teem-1.6.0-src,pos.c.obj,549
teem-1.6.0-src,print.c.obj,5549
teem-1.6.0-src,project.c.obj,1873
teem-1.6.0-src,pvl.c.obj,1412
teem-1.6.0-src,qn.c.obj,2833
teem-1.6.0-src,quadvol.c.obj,1605
teem-1.6.0-src,quantize.c.obj,1606
teem-1.6.0-src,quat.c.obj,14902
teem-1.6.0-src,range.c.obj,608
teem-1.6.0-src,rangeBane.c.obj,972
teem-1.6.0-src,ray.c.obj,4244
teem-1.6.0-src,rays.c.obj,3687
teem-1.6.0-src,read.c.obj,2604
teem-1.6.0-src,renderEcho.c.obj,4871
teem-1.6.0-src,renderLimn.c.obj,3077
teem-1.6.0-src,renderMite.c.obj,1121
teem-1.6.0-src,reorder.c.obj,8336
teem-1.6.0-src,resample.c.obj,3334
teem-1.6.0-src,resampleNrrd.c.obj,6129
teem-1.6.0-src,reshape.c.obj,982
teem-1.6.0-src,rmap.c.obj,2481
teem-1.6.0-src,sampler.c.obj,2142
teem-1.6.0-src,sane.c.obj,3035
teem-1.6.0-src,save.c.obj,2796
teem-1.6.0-src,scat.c.obj,737
teem-1.6.0-src,scl.c.obj,0
teem-1.6.0-src,sclanswer.c.obj,6607
teem-1.6.0-src,sclfilter.c.obj,9889
teem-1.6.0-src,sclprint.c.obj,981
teem-1.6.0-src,set.c.obj,1274
teem-1.6.0-src,shape.c.obj,3165
teem-1.6.0-src,shapes.c.obj,3672
teem-1.6.0-src,shuffle.c.obj,1604
teem-1.6.0-src,sigma.c.obj,153
teem-1.6.0-src,simple.c.obj,4453
teem-1.6.0-src,slice.c.obj,1237
teem-1.6.0-src,soid.c.obj,3221
teem-1.6.0-src,sort3.c.obj,678
teem-1.6.0-src,splice.c.obj,1369
teem-1.6.0-src,splineEval.c.obj,5845
teem-1.6.0-src,splineMethods.c.obj,4488
teem-1.6.0-src,splineMisc.c.obj,2293
teem-1.6.0-src,sqd.c.obj,7577
teem-1.6.0-src,st.c.obj,2991
teem-1.6.0-src,string.c.obj,1028
teem-1.6.0-src,strings.c.obj,1183
teem-1.6.0-src,stub.c.obj,100
teem-1.6.0-src,subset.c.obj,2455
teem-1.6.0-src,superset.c.obj,4267
teem-1.6.0-src,swap.c.obj,853
teem-1.6.0-src,tbc.c.obj,1660
teem-1.6.0-src,tblah.c.obj,1013
teem-1.6.0-src,tcam.c.obj,1328
teem-1.6.0-src,tcamanim.c.obj,3327
teem-1.6.0-src,tem.c.obj,1060
teem-1.6.0-src,tenGage.c.obj,3417
teem-1.6.0-src,tendAnhist.c.obj,1171
teem-1.6.0-src,tendAnplot.c.obj,1637
teem-1.6.0-src,tendAnscale.c.obj,1383
teem-1.6.0-src,tendAnvol.c.obj,1481
teem-1.6.0-src,tendBmat.c.obj,1317
teem-1.6.0-src,tendEllipse.c.obj,2385
teem-1.6.0-src,tendEpireg.c.obj,4476
teem-1.6.0-src,tendEstim.c.obj,3817
teem-1.6.0-src,tendEval.c.obj,1600
teem-1.6.0-src,tendEvaladd.c.obj,964
teem-1.6.0-src,tendEvalclamp.c.obj,1256
teem-1.6.0-src,tendEvalpow.c.obj,875
teem-1.6.0-src,tendEvec.c.obj,1642
teem-1.6.0-src,tendEvecrgb.c.obj,1891
teem-1.6.0-src,tendEvq.c.obj,2177
teem-1.6.0-src,tendExpand.c.obj,1452
teem-1.6.0-src,tendFiber.c.obj,2508
teem-1.6.0-src,tendFlotsam.c.obj,1162
teem-1.6.0-src,tendGlyph.c.obj,6536
teem-1.6.0-src,tendMake.c.obj,957
teem-1.6.0-src,tendNorm.c.obj,1273
teem-1.6.0-src,tendPoint.c.obj,1680
teem-1.6.0-src,tendSatin.c.obj,5144
teem-1.6.0-src,tendShrink.c.obj,928
teem-1.6.0-src,tendSim.c.obj,1348
teem-1.6.0-src,tendSlice.c.obj,1009
teem-1.6.0-src,tendSten.c.obj,1334
teem-1.6.0-src,tensor.c.obj,6403
teem-1.6.0-src,test.c.obj,882
teem-1.6.0-src,tg.c.obj,2495
teem-1.6.0-src,thread.c.obj,274
teem-1.6.0-src,threadAir.c.obj,1034
teem-1.6.0-src,tinfo.c.obj,517
teem-1.6.0-src,tkernel.c.obj,1835
teem-1.6.0-src,tline.c.obj,409
teem-1.6.0-src,tmfKernel.c.obj,151349
teem-1.6.0-src,tmop.c.obj,607
teem-1.6.0-src,tok.c.obj,266
teem-1.6.0-src,tps.c.obj,2384
teem-1.6.0-src,tq.c.obj,6087
teem-1.6.0-src,trand.c.obj,161
teem-1.6.0-src,transform.c.obj,3145
teem-1.6.0-src,tread.c.obj,284
teem-1.6.0-src,trend.c.obj,6761
teem-1.6.0-src,trex.c.obj,346
teem-1.6.0-src,trnsf.c.obj,4410
teem-1.6.0-src,tspline.c.obj,1965
teem-1.6.0-src,tspot.c.obj,919
teem-1.6.0-src,tt.c.obj,2742
teem-1.6.0-src,txf.c.obj,3239
teem-1.6.0-src,typestest.c.obj,408
teem-1.6.0-src,unblock.c.obj,1138
teem-1.6.0-src,unquantize.c.obj,1151
teem-1.6.0-src,update.c.obj,4422
teem-1.6.0-src,usage.c.obj,2655
teem-1.6.0-src,user.c.obj,851
teem-1.6.0-src,valid.c.obj,2358
teem-1.6.0-src,vecEll.c.obj,1558
teem-1.6.0-src,vecGage.c.obj,2783
teem-1.6.0-src,vecprint.c.obj,68
teem-1.6.0-src,winKernel.c.obj,18932
teem-1.6.0-src,write.c.obj,3943
teem-1.6.0-src,xform.c.obj,3066
ttt-0.10.1.preproc,connect4.o,7569
ttt-0.10.1.preproc,engine.o,3992
ttt-0.10.1.preproc,main.o,1907
ttt-0.10.1.preproc,parse.o,2646
ttt-0.10.1.preproc,ttt.o,10373
ttt-0.10.1.preproc,util.o,2501
unrarlib-0.4.0,getfile.c.obj,749
unrarlib-0.4.0,listarchive.c.obj,922
unrarlib-0.4.0,unrarlib.c.obj,9642
libpng-1.2.5,png.c.obj,2531
libpng-1.2.5,png2pnm.c.obj,2393
libpng-1.2.5,pngerror.c.obj,833
libpng-1.2.5,pngget.c.obj,2564
libpng-1.2.5,pngmem.c.obj,559
libpng-1.2.5,pngpread.c.obj,6291
libpng-1.2.5,pngread.c.obj,7300
libpng-1.2.5,pngrio.c.obj,309
libpng-1.2.5,pngrtran.c.obj,15412
libpng-1.2.5,pngrutil.c.obj,14172
libpng-1.2.5,pngset.c.obj,5669
libpng-1.2.5,pngtest.c.obj,5394
libpng-1.2.5,pngtrans.c.obj,1898
libpng-1.2.5,pngwio.c.obj,365
libpng-1.2.5,pngwrite.c.obj,5673
libpng-1.2.5,pngwtran.c.obj,1326
libpng-1.2.5,pngwutil.c.obj,10857
libpng-1.2.5,pnm2png.c.obj,2537
flex-2.5.31,buf.c.obj,837
flex-2.5.31,ccl.c.obj,944
flex-2.5.31,dfa.c.obj,5650
flex-2.5.31,ecs.c.obj,478
flex-2.5.31,filter.c.obj,1849
flex-2.5.31,gen.c.obj,20494
flex-2.5.31,libmain.c.obj,24
flex-2.5.31,libyywrap.c.obj,12
flex-2.5.31,main.c.obj,16722
flex-2.5.31,misc.c.obj,4970
flex-2.5.31,nfa.c.obj,3084
flex-2.5.31,options.c.obj,1230
flex-2.5.31,parse.c.obj,7590
flex-2.5.31,regex.c.obj,477
flex-2.5.31,scan.c.obj,36844
flex-2.5.31,scanopt.c.obj,2812
flex-2.5.31,skel.c.obj,79802
flex-2.5.31,sym.c.obj,817
flex-2.5.31,tables.c.obj,1745
flex-2.5.31,tables_shared.c.obj,32
flex-2.5.31,tblcmp.c.obj,2844
flex-2.5.31,yylex.c.obj,840
cg_compiler_opensrc,atom.c.obj,3028
cg_compiler_opensrc,binding.c.obj,1283
cg_compiler_opensrc,cgcmain.c.obj,2059
cg_compiler_opensrc,cgstruct.c.obj,96
cg_compiler_opensrc,check.c.obj,2807
cg_compiler_opensrc,compile.c.obj,10629
cg_compiler_opensrc,constfold.c.obj,2934
cg_compiler_opensrc,cpp.c.obj,5354
cg_compiler_opensrc,generic_hal.c.obj,1503
cg_compiler_opensrc,hal.c.obj,2263
cg_compiler_opensrc,inline.c.obj,2324
cg_compiler_opensrc,memory.c.obj,464
cg_compiler_opensrc,parser.c.obj,13671
cg_compiler_opensrc,printutils.c.obj,8397
cg_compiler_opensrc,scanner.c.obj,5287
cg_compiler_opensrc,semantic.c.obj,3602
cg_compiler_opensrc,stdlib.c.obj,10
cg_compiler_opensrc,support.c.obj,20031
cg_compiler_opensrc,support_iter.c.obj,1808
cg_compiler_opensrc,symbols.c.obj,5753
cg_compiler_opensrc,tokenize.c.obj,660
cg_compiler_opensrc,tokens.c.obj,2495
lwip-0.5.3.preproc,api_lib.o,5147
lwip-0.5.3.preproc,api_msg.o,4332
lwip-0.5.3.preproc,arp.o,2424
lwip-0.5.3.preproc,err.o,0
lwip-0.5.3.preproc,fs.o,40271
lwip-0.5.3.preproc,httpd.o,1614
lwip-0.5.3.preproc,icmp.o,1693
lwip-0.5.3.preproc,inet.o,946
lwip-0.5.3.preproc,ip.o,2968
lwip-0.5.3.preproc,ip_addr.o,0
lwip-0.5.3.preproc,loopif.o,313
lwip-0.5.3.preproc,mem.o,2133
lwip-0.5.3.preproc,memp.o,2054
lwip-0.5.3.preproc,netif.o,798
lwip-0.5.3.preproc,pbuf.o,3367
lwip-0.5.3.preproc,shell.o,12497
lwip-0.5.3.preproc,simhost.o,722
lwip-0.5.3.preproc,simnode.o,659
lwip-0.5.3.preproc,simrouter.o,844
lwip-0.5.3.preproc,sockets.o,2686
lwip-0.5.3.preproc,stats.o,78
lwip-0.5.3.preproc,sys.o,1044
lwip-0.5.3.preproc,tcp.o,6733
lwip-0.5.3.preproc,tcp_input.o,10939
lwip-0.5.3.preproc,tcp_output.o,5832
lwip-0.5.3.preproc,tcpdump.o,1993
lwip-0.5.3.preproc,tcpecho.o,332
lwip-0.5.3.preproc,tcpip.o,706
lwip-0.5.3.preproc,udp.o,2607
lwip-0.5.3.preproc,udpecho.o,394
