Compiler version,clang version 4.0.0 (trunk 285081)
Compiler flags,--target=arm-none-eabi -Os -mcpu=cortex-m4 -mthumb

Date,2016-10-25
Revision,285081

replaypc-0.4.0.preproc,ReplayPC.o,6092
replaypc-0.4.0.preproc,addressbook.o,1183
replaypc-0.4.0.preproc,bigfile.o,681
replaypc-0.4.0.preproc,build-ndx.o,1000
replaypc-0.4.0.preproc,cg.o,3613
replaypc-0.4.0.preproc,channelset.o,385
replaypc-0.4.0.preproc,crypt-test.o,2398
replaypc-0.4.0.preproc,crypt.o,1496
replaypc-0.4.0.preproc,dump-addressbook.o,788
replaypc-0.4.0.preproc,dump-cg2.o,734
replaypc-0.4.0.preproc,dump-channelset.o,624
replaypc-0.4.0.preproc,dump-filedarray.o,824
replaypc-0.4.0.preproc,dump-guide.o,973
replaypc-0.4.0.preproc,dump-headend.o,597
replaypc-0.4.0.preproc,dump-programset.o,1005
replaypc-0.4.0.preproc,dump-replaychannels.o,531
replaypc-0.4.0.preproc,dump-replayshows.o,526
replaypc-0.4.0.preproc,dump-zipcode2.o,526
replaypc-0.4.0.preproc,dump.o,2649
replaypc-0.4.0.preproc,filedarray.o,434
replaypc-0.4.0.preproc,find-GOPs.o,518
replaypc-0.4.0.preproc,guide.o,10278
replaypc-0.4.0.preproc,guideclient.o,1230
replaypc-0.4.0.preproc,headend.o,1386
replaypc-0.4.0.preproc,httpclient.o,4659
replaypc-0.4.0.preproc,httpfs.o,9409
replaypc-0.4.0.preproc,httpfsclient.o,3904
replaypc-0.4.0.preproc,mark-commercial.o,2768
replaypc-0.4.0.preproc,ndx-dump.o,5679
replaypc-0.4.0.preproc,ndx.o,913
replaypc-0.4.0.preproc,program.o,2993
replaypc-0.4.0.preproc,rddns.o,948
replaypc-0.4.0.preproc,rddnsclient.o,1870
replaypc-0.4.0.preproc,rtv.o,1810
replaypc-0.4.0.preproc,rtvguide.o,2019
replaypc-0.4.0.preproc,sleep.o,90
replaypc-0.4.0.preproc,un-protect.o,1654
replaypc-0.4.0.preproc,version-test.o,279
replaypc-0.4.0.preproc,zipcode.o,611
libpng-1.2.5,png.c.obj,2584
libpng-1.2.5,png2pnm.c.obj,2392
libpng-1.2.5,pngerror.c.obj,806
libpng-1.2.5,pngget.c.obj,2478
libpng-1.2.5,pngmem.c.obj,520
libpng-1.2.5,pngpread.c.obj,5999
libpng-1.2.5,pngread.c.obj,7407
libpng-1.2.5,pngrio.c.obj,305
libpng-1.2.5,pngrtran.c.obj,16536
libpng-1.2.5,pngrutil.c.obj,14867
libpng-1.2.5,pngset.c.obj,5824
libpng-1.2.5,pngtest.c.obj,5792
libpng-1.2.5,pngtrans.c.obj,1964
libpng-1.2.5,pngwio.c.obj,352
libpng-1.2.5,pngwrite.c.obj,5795
libpng-1.2.5,pngwtran.c.obj,1472
libpng-1.2.5,pngwutil.c.obj,12255
libpng-1.2.5,pnm2png.c.obj,2679
compiler,cg.c.obj,2335
compiler,main.c.obj,2332
compiler,parser.c.obj,4400
compiler,scanner.c.obj,3599
compiler,vam.c.obj,3668
compiler,vas.c.obj,6207
mpgcut-1.1,mpgcut.c.obj,10387
jikespg-1.3,ctabs.c.obj,47200
jikespg-1.3,globals.c.obj,48
jikespg-1.3,lpgparse.c.obj,42859
jikespg-1.3,lpgutil.c.obj,4631
jikespg-1.3,main.c.obj,5977
jikespg-1.3,mkfirst.c.obj,14785
jikespg-1.3,mkred.c.obj,6442
jikespg-1.3,mkstates.c.obj,2735
jikespg-1.3,partset.c.obj,1428
jikespg-1.3,prntstat.c.obj,3316
jikespg-1.3,produce.c.obj,11009
jikespg-1.3,ptables.c.obj,3091
jikespg-1.3,remsp.c.obj,7651
jikespg-1.3,resolve.c.obj,11189
jikespg-1.3,spacetab.c.obj,20167
jikespg-1.3,tabutil.c.obj,12948
jikespg-1.3,timetab.c.obj,9366
libmspack,cabc.c.obj,22
libmspack,cabd.c.obj,5440
libmspack,cabd_md5.c.obj,1182
libmspack,cabd_test.c.obj,10279
libmspack,cabextract_md5.c.obj,22732
libmspack,cabrip.c.obj,424
libmspack,chmc.c.obj,22
libmspack,chmd.c.obj,3813
libmspack,chmd_md5.c.obj,1035
libmspack,hlpc.c.obj,22
libmspack,hlpd.c.obj,22
libmspack,kwajc.c.obj,22
libmspack,kwajd.c.obj,22
libmspack,litc.c.obj,22
libmspack,litd.c.obj,22
libmspack,lzxc.c.obj,0
libmspack,lzxd.c.obj,6178
libmspack,md5.c.obj,2816
libmspack,mszipc.c.obj,0
libmspack,mszipd.c.obj,42
libmspack,qtmc.c.obj,0
libmspack,qtmd.c.obj,4690
libmspack,system.c.obj,597
libmspack,szddc.c.obj,22
libmspack,szddd.c.obj,22
unrarlib-0.4.0,getfile.c.obj,698
unrarlib-0.4.0,listarchive.c.obj,911
unrarlib-0.4.0,unrarlib.c.obj,11648
ttt-0.10.1.preproc,connect4.o,7569
ttt-0.10.1.preproc,engine.o,3992
ttt-0.10.1.preproc,main.o,1907
ttt-0.10.1.preproc,parse.o,2646
ttt-0.10.1.preproc,ttt.o,10373
ttt-0.10.1.preproc,util.o,2501
bzip2-1.0.2,blocksort.c.obj,5468
bzip2-1.0.2,bzip2.c.obj,16732
bzip2-1.0.2,bzip2recover.c.obj,3462
bzip2-1.0.2,bzlib.c.obj,9562
bzip2-1.0.2,compress.c.obj,11659
bzip2-1.0.2,crctable.c.obj,0
bzip2-1.0.2,decompress.c.obj,9484
bzip2-1.0.2,huffman.c.obj,1012
bzip2-1.0.2,randtable.c.obj,0
cg_compiler_opensrc,atom.c.obj,3238
cg_compiler_opensrc,binding.c.obj,1507
cg_compiler_opensrc,cgcmain.c.obj,2088
cg_compiler_opensrc,cgstruct.c.obj,78
cg_compiler_opensrc,check.c.obj,3066
cg_compiler_opensrc,compile.c.obj,12090
cg_compiler_opensrc,constfold.c.obj,3138
cg_compiler_opensrc,cpp.c.obj,6172
cg_compiler_opensrc,generic_hal.c.obj,1544
cg_compiler_opensrc,hal.c.obj,2351
cg_compiler_opensrc,inline.c.obj,2532
cg_compiler_opensrc,memory.c.obj,448
cg_compiler_opensrc,parser.c.obj,13116
cg_compiler_opensrc,printutils.c.obj,9362
cg_compiler_opensrc,scanner.c.obj,5511
cg_compiler_opensrc,semantic.c.obj,3760
cg_compiler_opensrc,stdlib.c.obj,10
cg_compiler_opensrc,support.c.obj,21348
cg_compiler_opensrc,support_iter.c.obj,2130
cg_compiler_opensrc,symbols.c.obj,6459
cg_compiler_opensrc,tokenize.c.obj,781
cg_compiler_opensrc,tokens.c.obj,2728
zlib-1.1.4,adler32.c.obj,292
zlib-1.1.4,compress.c.obj,138
zlib-1.1.4,crc32.c.obj,1284
zlib-1.1.4,deflate.c.obj,4902
zlib-1.1.4,example.c.obj,4041
zlib-1.1.4,gzio.c.obj,2914
zlib-1.1.4,infblock.c.obj,2732
zlib-1.1.4,infcodes.c.obj,1282
zlib-1.1.4,inffast.c.obj,1068
zlib-1.1.4,inflate.c.obj,1492
zlib-1.1.4,inftrees.c.obj,2093
zlib-1.1.4,infutil.c.obj,262
zlib-1.1.4,minigzip.c.obj,1137
zlib-1.1.4,trees.c.obj,7756
zlib-1.1.4,uncompr.c.obj,104
zlib-1.1.4,zutil.c.obj,193
lwip-0.5.3.preproc,api_lib.o,5147
lwip-0.5.3.preproc,api_msg.o,4332
lwip-0.5.3.preproc,arp.o,2424
lwip-0.5.3.preproc,err.o,0
lwip-0.5.3.preproc,fs.o,40271
lwip-0.5.3.preproc,httpd.o,1614
lwip-0.5.3.preproc,icmp.o,1693
lwip-0.5.3.preproc,inet.o,946
lwip-0.5.3.preproc,ip.o,2968
lwip-0.5.3.preproc,ip_addr.o,0
lwip-0.5.3.preproc,loopif.o,313
lwip-0.5.3.preproc,mem.o,2133
lwip-0.5.3.preproc,memp.o,2054
lwip-0.5.3.preproc,netif.o,798
lwip-0.5.3.preproc,pbuf.o,3367
lwip-0.5.3.preproc,shell.o,12497
lwip-0.5.3.preproc,simhost.o,722
lwip-0.5.3.preproc,simnode.o,659
lwip-0.5.3.preproc,simrouter.o,844
lwip-0.5.3.preproc,sockets.o,2686
lwip-0.5.3.preproc,stats.o,78
lwip-0.5.3.preproc,sys.o,1044
lwip-0.5.3.preproc,tcp.o,6733
lwip-0.5.3.preproc,tcp_input.o,10939
lwip-0.5.3.preproc,tcp_output.o,5832
lwip-0.5.3.preproc,tcpdump.o,1993
lwip-0.5.3.preproc,tcpecho.o,332
lwip-0.5.3.preproc,tcpip.o,706
lwip-0.5.3.preproc,udp.o,2607
lwip-0.5.3.preproc,udpecho.o,394
jpeg-6b,ansi2knr.c.obj,2289
jpeg-6b,cdjpeg.c.obj,150
jpeg-6b,cjpeg.c.obj,5167
jpeg-6b,ckconfig.c.obj,2272
jpeg-6b,djpeg.c.obj,5606
jpeg-6b,jcapimin.c.obj,714
jpeg-6b,jcapistd.c.obj,412
jpeg-6b,jccoefct.c.obj,1672
jpeg-6b,jccolor.c.obj,1394
jpeg-6b,jcdctmgr.c.obj,1356
jpeg-6b,jchuff.c.obj,3944
jpeg-6b,jcinit.c.obj,156
jpeg-6b,jcmainct.c.obj,364
jpeg-6b,jcmarker.c.obj,1910
jpeg-6b,jcmaster.c.obj,2296
jpeg-6b,jcomapi.c.obj,142
jpeg-6b,jcparam.c.obj,2756
jpeg-6b,jcphuff.c.obj,4312
jpeg-6b,jcprepct.c.obj,1278
jpeg-6b,jcsample.c.obj,1876
jpeg-6b,jctrans.c.obj,1236
jpeg-6b,jdapimin.c.obj,852
jpeg-6b,jdapistd.c.obj,778
jpeg-6b,jdatadst.c.obj,274
jpeg-6b,jdatasrc.c.obj,304
jpeg-6b,jdcoefct.c.obj,2896
jpeg-6b,jdcolor.c.obj,1164
jpeg-6b,jddctmgr.c.obj,758
jpeg-6b,jdhuff.c.obj,2176
jpeg-6b,jdinput.c.obj,1172
jpeg-6b,jdmainct.c.obj,1356
jpeg-6b,jdmarker.c.obj,5198
jpeg-6b,jdmaster.c.obj,1444
jpeg-6b,jdmerge.c.obj,1390
jpeg-6b,jdphuff.c.obj,2622
jpeg-6b,jdpostct.c.obj,740
jpeg-6b,jdsample.c.obj,1614
jpeg-6b,jdtrans.c.obj,272
jpeg-6b,jerror.c.obj,5488
jpeg-6b,jfdctflt.c.obj,460
jpeg-6b,jfdctfst.c.obj,484
jpeg-6b,jfdctint.c.obj,750
jpeg-6b,jidctflt.c.obj,892
jpeg-6b,jidctfst.c.obj,922
jpeg-6b,jidctint.c.obj,1156
jpeg-6b,jidctred.c.obj,1220
jpeg-6b,jmemmgr.c.obj,2882
jpeg-6b,jmemnobs.c.obj,108
jpeg-6b,jpegtran.c.obj,3548
jpeg-6b,jquant1.c.obj,2624
jpeg-6b,jquant2.c.obj,3460
jpeg-6b,jutils.c.obj,458
jpeg-6b,rdbmp.c.obj,1766
jpeg-6b,rdcolmap.c.obj,864
jpeg-6b,rdgif.c.obj,96
jpeg-6b,rdjpgcom.c.obj,2049
jpeg-6b,rdppm.c.obj,1410
jpeg-6b,rdrle.c.obj,0
jpeg-6b,rdswitch.c.obj,1727
jpeg-6b,rdtarga.c.obj,1604
jpeg-6b,transupp.c.obj,4048
jpeg-6b,wrbmp.c.obj,1548
jpeg-6b,wrgif.c.obj,1152
jpeg-6b,wrjpgcom.c.obj,2721
jpeg-6b,wrppm.c.obj,572
jpeg-6b,wrrle.c.obj,0
jpeg-6b,wrtarga.c.obj,762
flex-2.5.31,buf.c.obj,991
flex-2.5.31,ccl.c.obj,830
flex-2.5.31,dfa.c.obj,6505
flex-2.5.31,ecs.c.obj,600
flex-2.5.31,filter.c.obj,1941
flex-2.5.31,gen.c.obj,23771
flex-2.5.31,libmain.c.obj,24
flex-2.5.31,libyywrap.c.obj,12
flex-2.5.31,main.c.obj,16898
flex-2.5.31,misc.c.obj,5709
flex-2.5.31,nfa.c.obj,3421
flex-2.5.31,options.c.obj,1230
flex-2.5.31,parse.c.obj,11300
flex-2.5.31,regex.c.obj,528
flex-2.5.31,scan.c.obj,42813
flex-2.5.31,scanopt.c.obj,2927
flex-2.5.31,skel.c.obj,79802
flex-2.5.31,sym.c.obj,888
flex-2.5.31,tables.c.obj,1791
flex-2.5.31,tables_shared.c.obj,34
flex-2.5.31,tblcmp.c.obj,3820
flex-2.5.31,yylex.c.obj,748
mpeg2dec-0.3.1,alloc.c.obj,110
mpeg2dec-0.3.1,cpu_accel.c.obj,12
mpeg2dec-0.3.1,cpu_state.c.obj,10
mpeg2dec-0.3.1,decode.c.obj,2266
mpeg2dec-0.3.1,extract_mpeg2.c.obj,2822
mpeg2dec-0.3.1,getopt.c.obj,0
mpeg2dec-0.3.1,gettimeofday.c.obj,0
mpeg2dec-0.3.1,header.c.obj,3354
mpeg2dec-0.3.1,idct.c.obj,1730
mpeg2dec-0.3.1,idct_alpha.c.obj,0
mpeg2dec-0.3.1,idct_altivec.c.obj,0
mpeg2dec-0.3.1,idct_mlib.c.obj,0
mpeg2dec-0.3.1,idct_mmx.c.obj,0
mpeg2dec-0.3.1,motion_comp.c.obj,5550
mpeg2dec-0.3.1,motion_comp_alpha.c.obj,0
mpeg2dec-0.3.1,motion_comp_altivec.c.obj,0
mpeg2dec-0.3.1,motion_comp_mlib.c.obj,0
mpeg2dec-0.3.1,motion_comp_mmx.c.obj,0
mpeg2dec-0.3.1,mpeg2dec.c.obj,4013
mpeg2dec-0.3.1,slice.c.obj,14348
mpeg2dec-0.3.1,video_out.c.obj,76
mpeg2dec-0.3.1,video_out_dx.c.obj,0
mpeg2dec-0.3.1,video_out_null.c.obj,282
mpeg2dec-0.3.1,video_out_pgm.c.obj,488
mpeg2dec-0.3.1,video_out_sdl.c.obj,731
mpeg2dec-0.3.1,video_out_x11.c.obj,0
mpeg2dec-0.3.1,yuv2rgb.c.obj,4208
mpeg2dec-0.3.1,yuv2rgb_mlib.c.obj,0
mpeg2dec-0.3.1,yuv2rgb_mmx.c.obj,0
teem-1.6.0-src,1op.c.obj,1585
teem-1.6.0-src,2op.c.obj,2100
teem-1.6.0-src,3op.c.obj,2203
teem-1.6.0-src,754.c.obj,1520
teem-1.6.0-src,about.c.obj,2729
teem-1.6.0-src,accessors.c.obj,7973
teem-1.6.0-src,aniso.c.obj,3485
teem-1.6.0-src,apply1D.c.obj,8016
teem-1.6.0-src,arith.c.obj,6116
teem-1.6.0-src,array.c.obj,574
teem-1.6.0-src,arraysNrrd.c.obj,0
teem-1.6.0-src,ax.c.obj,2791
teem-1.6.0-src,axdelete.c.obj,1289
teem-1.6.0-src,axinfo.c.obj,1357
teem-1.6.0-src,axinsert.c.obj,1028
teem-1.6.0-src,axis.c.obj,3072
teem-1.6.0-src,axmerge.c.obj,1265
teem-1.6.0-src,axsplit.c.obj,1060
teem-1.6.0-src,bday.c.obj,1012
teem-1.6.0-src,biff.c.obj,2445
teem-1.6.0-src,bimod.c.obj,6505
teem-1.6.0-src,block.c.obj,1049
teem-1.6.0-src,bounds.c.obj,9666
teem-1.6.0-src,bow.c.obj,620
teem-1.6.0-src,cam.c.obj,5347
teem-1.6.0-src,cc.c.obj,10723
teem-1.6.0-src,ccadj.c.obj,1091
teem-1.6.0-src,ccfind.c.obj,1634
teem-1.6.0-src,ccmerge.c.obj,2519
teem-1.6.0-src,ccmethods.c.obj,1162
teem-1.6.0-src,ccsettle.c.obj,970
teem-1.6.0-src,chan.c.obj,8942
teem-1.6.0-src,clip.c.obj,765
teem-1.6.0-src,cmedian.c.obj,2400
teem-1.6.0-src,color.c.obj,8598
teem-1.6.0-src,comment.c.obj,470
teem-1.6.0-src,conv.c.obj,384
teem-1.6.0-src,convert.c.obj,1075
teem-1.6.0-src,convertDye.c.obj,3044
teem-1.6.0-src,convertNrrd.c.obj,3940
teem-1.6.0-src,convo.c.obj,1825
teem-1.6.0-src,coreAlan.c.obj,3747
teem-1.6.0-src,crop.c.obj,1314
teem-1.6.0-src,ctx.c.obj,4412
teem-1.6.0-src,cubicEll.c.obj,2288
teem-1.6.0-src,data.c.obj,1226
teem-1.6.0-src,defaultsBane.c.obj,5
teem-1.6.0-src,defaultsGage.c.obj,5
teem-1.6.0-src,defaultsHest.c.obj,0
teem-1.6.0-src,defaultsHoover.c.obj,7
teem-1.6.0-src,defaultsLimn.c.obj,5
teem-1.6.0-src,defaultsMite.c.obj,5
teem-1.6.0-src,defaultsMoss.c.obj,5
teem-1.6.0-src,defaultsNrrd.c.obj,639
teem-1.6.0-src,defaultsTen.c.obj,16
teem-1.6.0-src,dehex.c.obj,747
teem-1.6.0-src,dhisto.c.obj,1246
teem-1.6.0-src,dice.c.obj,1745
teem-1.6.0-src,dio.c.obj,1892
teem-1.6.0-src,doubleprint.c.obj,614
teem-1.6.0-src,eigen.c.obj,5458
teem-1.6.0-src,encoding.c.obj,664
teem-1.6.0-src,encodingAscii.c.obj,1467
teem-1.6.0-src,encodingBzip2.c.obj,569
teem-1.6.0-src,encodingGzip.c.obj,626
teem-1.6.0-src,encodingHex.c.obj,1537
teem-1.6.0-src,encodingRaw.c.obj,1917
teem-1.6.0-src,endianAir.c.obj,4
teem-1.6.0-src,endianNrrd.c.obj,338
teem-1.6.0-src,enhex.c.obj,699
teem-1.6.0-src,enum.c.obj,792
teem-1.6.0-src,enumsAlan.c.obj,0
teem-1.6.0-src,enumsEcho.c.obj,0
teem-1.6.0-src,enumsNrrd.c.obj,0
teem-1.6.0-src,enumsTen.c.obj,0
teem-1.6.0-src,env.c.obj,1080
teem-1.6.0-src,epireg.c.obj,14086
teem-1.6.0-src,ex0.c.obj,508
teem-1.6.0-src,ex1.c.obj,1200
teem-1.6.0-src,ex2.c.obj,877
teem-1.6.0-src,ex3.c.obj,1429
teem-1.6.0-src,ex4.c.obj,983
teem-1.6.0-src,ex5.c.obj,686
teem-1.6.0-src,fiber.c.obj,4981
teem-1.6.0-src,fiberMethods.c.obj,2698
teem-1.6.0-src,filt.c.obj,6260
teem-1.6.0-src,filter.c.obj,3210
teem-1.6.0-src,flip.c.obj,739
teem-1.6.0-src,floatprint.c.obj,614
teem-1.6.0-src,flotsam.c.obj,2458
teem-1.6.0-src,format.c.obj,688
teem-1.6.0-src,formatEPS.c.obj,2494
teem-1.6.0-src,formatNRRD.c.obj,3617
teem-1.6.0-src,formatPNG.c.obj,732
teem-1.6.0-src,formatPNM.c.obj,2952
teem-1.6.0-src,formatText.c.obj,2715
teem-1.6.0-src,formatVTK.c.obj,5618
teem-1.6.0-src,fp.c.obj,1631
teem-1.6.0-src,gamma.c.obj,1263
teem-1.6.0-src,genmat.c.obj,3373
teem-1.6.0-src,genvol.c.obj,1749
teem-1.6.0-src,gkmsFlotsam.c.obj,2016
teem-1.6.0-src,gkmsHvol.c.obj,2749
teem-1.6.0-src,gkmsInfo.c.obj,1250
teem-1.6.0-src,gkmsMite.c.obj,1127
teem-1.6.0-src,gkmsOpac.c.obj,3105
teem-1.6.0-src,gkmsPvg.c.obj,2595
teem-1.6.0-src,gkmsScat.c.obj,1469
teem-1.6.0-src,gkmsTxf.c.obj,3170
teem-1.6.0-src,glyph.c.obj,5360
teem-1.6.0-src,gzio.c.obj,0
teem-1.6.0-src,head.c.obj,1305
teem-1.6.0-src,heq.c.obj,1964
teem-1.6.0-src,hestLimn.c.obj,941
teem-1.6.0-src,hestMoss.c.obj,1053
teem-1.6.0-src,hestNrrd.c.obj,1022
teem-1.6.0-src,histax.c.obj,1218
teem-1.6.0-src,histo.c.obj,1429
teem-1.6.0-src,histogram.c.obj,6148
teem-1.6.0-src,hvol.c.obj,7081
teem-1.6.0-src,imap.c.obj,2368
teem-1.6.0-src,inc.c.obj,3342
teem-1.6.0-src,inset.c.obj,1294
teem-1.6.0-src,intx.c.obj,15335
teem-1.6.0-src,invert.c.obj,292
teem-1.6.0-src,io.c.obj,911
teem-1.6.0-src,iter.c.obj,660
teem-1.6.0-src,jhisto.c.obj,2541
teem-1.6.0-src,join.c.obj,1400
teem-1.6.0-src,kernel.c.obj,25820
teem-1.6.0-src,keyvalue.c.obj,776
teem-1.6.0-src,kv.c.obj,352
teem-1.6.0-src,light.c.obj,440
teem-1.6.0-src,lightEcho.c.obj,848
teem-1.6.0-src,list.c.obj,1634
teem-1.6.0-src,lut.c.obj,1994
teem-1.6.0-src,make.c.obj,6319
teem-1.6.0-src,map.c.obj,328
teem-1.6.0-src,mat.c.obj,23022
teem-1.6.0-src,matter.c.obj,402
teem-1.6.0-src,measr.c.obj,312
teem-1.6.0-src,measure.c.obj,11083
teem-1.6.0-src,methodsAlan.c.obj,2224
teem-1.6.0-src,methodsBane.c.obj,588
teem-1.6.0-src,methodsDye.c.obj,1192
teem-1.6.0-src,methodsEcho.c.obj,589
teem-1.6.0-src,methodsHest.c.obj,2305
teem-1.6.0-src,methodsHoover.c.obj,1724
teem-1.6.0-src,methodsLimn.c.obj,334
teem-1.6.0-src,methodsMoss.c.obj,1024
teem-1.6.0-src,methodsNrrd.c.obj,3982
teem-1.6.0-src,minmax.c.obj,1059
teem-1.6.0-src,miscAir.c.obj,4280
teem-1.6.0-src,miscEll.c.obj,1295
teem-1.6.0-src,miscGage.c.obj,636
teem-1.6.0-src,miscTen.c.obj,3522
teem-1.6.0-src,mod.c.obj,3119
teem-1.6.0-src,model.c.obj,1432
teem-1.6.0-src,mop.c.obj,1092
teem-1.6.0-src,obj.c.obj,792
teem-1.6.0-src,objmethods.c.obj,960
teem-1.6.0-src,opac.c.obj,476
teem-1.6.0-src,pad.c.obj,1660
teem-1.6.0-src,parseAir.c.obj,1356
teem-1.6.0-src,parseHest.c.obj,11895
teem-1.6.0-src,parseNrrd.c.obj,5990
teem-1.6.0-src,permute.c.obj,933
teem-1.6.0-src,pos.c.obj,536
teem-1.6.0-src,print.c.obj,6308
teem-1.6.0-src,project.c.obj,1794
teem-1.6.0-src,pvl.c.obj,1357
teem-1.6.0-src,qn.c.obj,2784
teem-1.6.0-src,quadvol.c.obj,1772
teem-1.6.0-src,quantize.c.obj,1542
teem-1.6.0-src,quat.c.obj,15516
teem-1.6.0-src,range.c.obj,726
teem-1.6.0-src,rangeBane.c.obj,1127
teem-1.6.0-src,ray.c.obj,4572
teem-1.6.0-src,rays.c.obj,3948
teem-1.6.0-src,read.c.obj,2778
teem-1.6.0-src,renderEcho.c.obj,5056
teem-1.6.0-src,renderLimn.c.obj,3106
teem-1.6.0-src,renderMite.c.obj,1130
teem-1.6.0-src,reorder.c.obj,8525
teem-1.6.0-src,resample.c.obj,3346
teem-1.6.0-src,resampleNrrd.c.obj,6605
teem-1.6.0-src,reshape.c.obj,910
teem-1.6.0-src,rmap.c.obj,2435
teem-1.6.0-src,sampler.c.obj,2378
teem-1.6.0-src,sane.c.obj,3047
teem-1.6.0-src,save.c.obj,2704
teem-1.6.0-src,scat.c.obj,698
teem-1.6.0-src,scl.c.obj,0
teem-1.6.0-src,sclanswer.c.obj,6393
teem-1.6.0-src,sclfilter.c.obj,6920
teem-1.6.0-src,sclprint.c.obj,1019
teem-1.6.0-src,set.c.obj,1188
teem-1.6.0-src,shape.c.obj,3421
teem-1.6.0-src,shapes.c.obj,4604
teem-1.6.0-src,shuffle.c.obj,1557
teem-1.6.0-src,sigma.c.obj,164
teem-1.6.0-src,simple.c.obj,4353
teem-1.6.0-src,slice.c.obj,1186
teem-1.6.0-src,soid.c.obj,3209
teem-1.6.0-src,sort3.c.obj,708
teem-1.6.0-src,splice.c.obj,1314
teem-1.6.0-src,splineEval.c.obj,7191
teem-1.6.0-src,splineMethods.c.obj,4644
teem-1.6.0-src,splineMisc.c.obj,2331
teem-1.6.0-src,sqd.c.obj,8630
teem-1.6.0-src,st.c.obj,2972
teem-1.6.0-src,string.c.obj,1032
teem-1.6.0-src,strings.c.obj,1111
teem-1.6.0-src,stub.c.obj,116
teem-1.6.0-src,subset.c.obj,2474
teem-1.6.0-src,superset.c.obj,4407
teem-1.6.0-src,swap.c.obj,782
teem-1.6.0-src,tbc.c.obj,1720
teem-1.6.0-src,tblah.c.obj,1236
teem-1.6.0-src,tcam.c.obj,1207
teem-1.6.0-src,tcamanim.c.obj,3366
teem-1.6.0-src,tem.c.obj,1023
teem-1.6.0-src,tenGage.c.obj,2716
teem-1.6.0-src,tendAnhist.c.obj,1109
teem-1.6.0-src,tendAnplot.c.obj,1590
teem-1.6.0-src,tendAnscale.c.obj,1329
teem-1.6.0-src,tendAnvol.c.obj,1439
teem-1.6.0-src,tendBmat.c.obj,1289
teem-1.6.0-src,tendEllipse.c.obj,2590
teem-1.6.0-src,tendEpireg.c.obj,4444
teem-1.6.0-src,tendEstim.c.obj,3788
teem-1.6.0-src,tendEval.c.obj,1675
teem-1.6.0-src,tendEvaladd.c.obj,928
teem-1.6.0-src,tendEvalclamp.c.obj,1207
teem-1.6.0-src,tendEvalpow.c.obj,847
teem-1.6.0-src,tendEvec.c.obj,1685
teem-1.6.0-src,tendEvecrgb.c.obj,1838
teem-1.6.0-src,tendEvq.c.obj,2127
teem-1.6.0-src,tendExpand.c.obj,1398
teem-1.6.0-src,tendFiber.c.obj,2561
teem-1.6.0-src,tendFlotsam.c.obj,1227
teem-1.6.0-src,tendGlyph.c.obj,6545
teem-1.6.0-src,tendMake.c.obj,923
teem-1.6.0-src,tendNorm.c.obj,1236
teem-1.6.0-src,tendPoint.c.obj,1693
teem-1.6.0-src,tendSatin.c.obj,5476
teem-1.6.0-src,tendShrink.c.obj,902
teem-1.6.0-src,tendSim.c.obj,1313
teem-1.6.0-src,tendSlice.c.obj,950
teem-1.6.0-src,tendSten.c.obj,1278
teem-1.6.0-src,tensor.c.obj,6530
teem-1.6.0-src,test.c.obj,212
teem-1.6.0-src,tg.c.obj,2714
teem-1.6.0-src,thread.c.obj,292
teem-1.6.0-src,threadAir.c.obj,1282
teem-1.6.0-src,tinfo.c.obj,531
teem-1.6.0-src,tkernel.c.obj,2061
teem-1.6.0-src,tline.c.obj,436
teem-1.6.0-src,tmfKernel.c.obj,198513
teem-1.6.0-src,tmop.c.obj,568
teem-1.6.0-src,tok.c.obj,268
teem-1.6.0-src,tps.c.obj,2380
teem-1.6.0-src,tq.c.obj,4142
teem-1.6.0-src,trand.c.obj,172
teem-1.6.0-src,transform.c.obj,2815
teem-1.6.0-src,tread.c.obj,284
teem-1.6.0-src,trend.c.obj,7964
teem-1.6.0-src,trex.c.obj,334
teem-1.6.0-src,trnsf.c.obj,4496
teem-1.6.0-src,tspline.c.obj,2062
teem-1.6.0-src,tspot.c.obj,978
teem-1.6.0-src,tt.c.obj,3115
teem-1.6.0-src,txf.c.obj,3542
teem-1.6.0-src,typestest.c.obj,432
teem-1.6.0-src,unblock.c.obj,1054
teem-1.6.0-src,unquantize.c.obj,1087
teem-1.6.0-src,update.c.obj,4793
teem-1.6.0-src,usage.c.obj,2719
teem-1.6.0-src,user.c.obj,880
teem-1.6.0-src,valid.c.obj,2459
teem-1.6.0-src,vecEll.c.obj,1776
teem-1.6.0-src,vecGage.c.obj,2672
teem-1.6.0-src,vecprint.c.obj,56
teem-1.6.0-src,winKernel.c.obj,21664
teem-1.6.0-src,write.c.obj,4093
teem-1.6.0-src,xform.c.obj,3377
OpenTCP-1.0.4,arp.c.obj,1914
OpenTCP-1.0.4,bootp.c.obj,1130
OpenTCP-1.0.4,dhcpc.c.obj,2406
OpenTCP-1.0.4,dns.c.obj,1268
OpenTCP-1.0.4,ethernet.c.obj,1654
OpenTCP-1.0.4,http_server.c.obj,1350
OpenTCP-1.0.4,https_callbacks.c.obj,656
OpenTCP-1.0.4,icmp.c.obj,308
OpenTCP-1.0.4,ip.c.obj,1508
OpenTCP-1.0.4,main_demo.c.obj,238
OpenTCP-1.0.4,pop3_client.c.obj,3370
OpenTCP-1.0.4,pop3c_callbacks.c.obj,78
OpenTCP-1.0.4,smtp_client.c.obj,2108
OpenTCP-1.0.4,smtpc_callbacks.c.obj,90
OpenTCP-1.0.4,system.c.obj,1056
OpenTCP-1.0.4,tcp.c.obj,4490
OpenTCP-1.0.4,tcp_client_demo.c.obj,348
OpenTCP-1.0.4,tcp_server_demo.c.obj,322
OpenTCP-1.0.4,tftps.c.obj,828
OpenTCP-1.0.4,timers.c.obj,258
OpenTCP-1.0.4,udp.c.obj,1220
OpenTCP-1.0.4,udp_demo.c.obj,244
